5.560912145729642875e-01
5.560912145729642875e-01
5.560912145729642875e-01
5.560912145729642875e-01
5.560912145729642875e-01
5.560912145729642875e-01
5.560912145729642875e-01
5.560912145729642875e-01
5.560912145729642875e-01
5.560912145729642875e-01
5.560912145729642875e-01
5.560912145729642875e-01
5.560912145729642875e-01
5.560912145729642875e-01
5.560912145729642875e-01
5.560912145729642875e-01
5.560912145729642875e-01
5.560912145729642875e-01
5.560912145729642875e-01
5.560912145729642875e-01
5.560912145729642875e-01
5.560912145729642875e-01
5.560912145729642875e-01
5.560912145729642875e-01
5.560912145729642875e-01
5.560912145729642875e-01
5.560912145729642875e-01
5.560912145729642875e-01
5.560912145729642875e-01
5.560912145729642875e-01
5.560912145729642875e-01
5.560912145729642875e-01
5.560912145729642875e-01
5.560912145729642875e-01
5.560912145729642875e-01
5.560912145729642875e-01
5.560912145729642875e-01
5.560912145729642875e-01
5.560912145729642875e-01
5.560912145729642875e-01
5.560912145729642875e-01
5.560912145729642875e-01
5.560912145729642875e-01
5.560912145729642875e-01
5.560912145729642875e-01
5.560912145729642875e-01
5.560912145729642875e-01
5.560912145729642875e-01
5.560912145729642875e-01
5.560912145729642875e-01
5.560912145729642875e-01
5.560912145729642875e-01
5.560912145729642875e-01
5.560912145729642875e-01
5.560912145729642875e-01
5.560912145729642875e-01
5.560912145729642875e-01
5.560912145729642875e-01
5.560912145729642875e-01
5.560912145729642875e-01
5.560912145729642875e-01
5.560912145729642875e-01
5.560912145729642875e-01
5.560912145729642875e-01
5.560912145729642875e-01
5.560912145729642875e-01
5.560912145729642875e-01
5.560912145729642875e-01
5.560912145729642875e-01
5.560912145729642875e-01
5.560912145729642875e-01
5.560912145729642875e-01
5.560912145729642875e-01
5.560912145729642875e-01
5.560912145729642875e-01
5.560912145729642875e-01
5.560912145729642875e-01
5.560912145729642875e-01
5.560912145729642875e-01
5.560912145729642875e-01
5.560912145729642875e-01
5.560912145729642875e-01
5.560912145729642875e-01
5.560912145729642875e-01
5.560912145729642875e-01
6.989560764089226552e-01
9.090216120414436052e-01
1.145108034653961715e+00
1.347822170317173107e+00
1.499463724309205936e+00
1.675443836101889516e+00
1.815804142525792031e+00
2.006062366873025749e+00
2.393037596064806038e+00
2.664520719182491337e+00
2.903113493585586458e+00
3.192238733780384141e+00
3.467175101840496154e+00
3.831487163317203404e+00
4.143110721862315771e+00
4.560969926953315934e+00
5.059247837340831389e+00
5.335326750946045138e+00
5.638166446590423320e+00
6.026410005140304449e+00
6.499725745797157117e+00
6.860989136481284945e+00
7.051167726707458172e+00
7.086411156964302016e+00
7.062097855591773943e+00
7.259860475087165810e+00
7.491083560848236012e+00
7.539112039399147314e+00
7.341596711945533649e+00
7.144058405876159590e+00
7.192176916956901422e+00
7.208315004754066280e+00
7.116641951823234891e+00
7.165461047935485439e+00
7.161996553254127207e+00
7.224568153119086844e+00
7.093707441043854089e+00
7.104055190658569607e+00
7.035189005541801599e+00
7.268288342046737682e+00
7.424705405759810972e+00
7.640161182069778789e+00
7.718579687166213787e+00
7.963445033597945866e+00
8.147817639017105762e+00
8.289744873476028175e+00
8.507559468078612852e+00
8.685190433311461788e+00
8.786869930934905426e+00
8.865836468887328792e+00
9.003953111505508033e+00
9.081059295940399068e+00
9.049296555089950900e+00
9.120223636054992866e+00
9.167526593780516819e+00
9.359671914005279092e+00
9.575140840673446618e+00
9.850464901971816900e+00
9.978521445560454950e+00
1.016274992771148611e+01
1.043678996291160566e+01
1.059593188586235080e+01
1.089688098292350737e+01
1.106707408137321558e+01
1.118742113151550299e+01
1.148323372459411651e+01
1.177667197570800717e+01
1.218325164556503282e+01
1.249415244293212979e+01
1.264294888820648133e+01
1.279696974515914931e+01
1.276476017527580176e+01
1.286805287837982092e+01
1.320517379627227861e+01
1.351654358906745834e+01
1.377635059924125649e+01
1.392444088497161836e+01
1.439172530412673900e+01
1.458051973667144807e+01
1.477460890512466385e+01
1.476522865300178466e+01
1.493309562530517631e+01
1.515520113930702273e+01
1.540279217605590745e+01
1.533281382503509604e+01
1.584520881600379916e+01
1.624387108926773138e+01
1.622025124335289092e+01
1.622069953980445689e+01
1.635457328958511525e+01
1.642236868419647067e+01
1.646224525861740062e+01
1.649122398266792189e+01
1.650260430054664695e+01
1.674167721805572384e+01
1.671362111372947723e+01
1.683268996391296213e+01
1.711110889649390998e+01
1.747270019359588744e+01
1.740777533812523004e+01
1.731062336506843735e+01
1.735654424242973448e+01
1.758631093959808211e+01
1.768920061526298682e+01
1.798504255533218554e+01
1.826762254157066323e+01
1.835710184125900213e+01
1.855265133957862744e+01
1.873522036411762315e+01
1.879137710721492738e+01
1.874517890675067733e+01
1.890121191811561729e+01
1.930138059132099215e+01
1.937487253317832980e+01
1.941736521177291763e+01
1.958886047980785250e+01
1.975429533147811867e+01
2.009522144303321767e+01
2.049686620988845931e+01
2.059715245108604265e+01
2.094649036879539494e+01
2.167185680599212816e+01
2.196222405238151509e+01
2.203961882133483741e+01
2.215922498693466025e+01
2.230056796593666135e+01
2.271977441635131711e+01
2.297449983358383108e+01
2.304817387933731254e+01
2.331426008577346920e+01
2.363543383579253998e+01
2.323226349325179996e+01
2.369882733201980685e+01
2.450708242483139188e+01
2.492729828767776468e+01
2.514295161485672025e+01
2.541173199596405041e+01
2.602524972629547051e+01
2.664321558332443374e+01
2.679141972246170056e+01
2.681768506584167611e+01
2.722149017229080314e+01
2.801296681661605703e+01
2.849456353073120241e+01
2.907529152288437047e+01
2.979033116941452164e+01
3.014012632675170877e+01
3.032353058824539360e+01
3.102117663326263397e+01
3.190532414922714111e+01
3.258775290107727329e+01
3.329049664182662838e+01
3.332775184164047033e+01
3.385839693870544664e+01
3.424067465295791379e+01
3.433969530725479302e+01
3.479744065999985025e+01
3.540349734363555712e+01
3.613397607669830336e+01
3.631365160942077353e+01
3.670445470380783348e+01
3.707147978086471340e+01
3.735865294647216928e+01
3.799758364849090242e+01
3.841837026395797494e+01
3.890581353044510138e+01
3.925614117689132598e+01
3.972135977544784424e+01
4.023434138936996618e+01
4.068691455965041825e+01
4.112588282265662798e+01
4.146461149220466780e+01
4.197014999570846783e+01
4.231058644437789695e+01
4.281139829263687346e+01
4.309116546821594085e+01
4.343987636307478084e+01
4.380055487098098155e+01
4.410677494690418143e+01
4.442126246660947686e+01
4.459278492829799490e+01
4.482356349477768021e+01
4.512119107880592139e+01
4.545069669282436564e+01
4.580917533845901346e+01
4.602734179076552579e+01
4.619255278528332553e+01
4.630872174504995087e+01
4.652995514469147054e+01
4.670020358493328416e+01
4.687196716244221051e+01
4.700745873103142003e+01
4.712039950189590343e+01
4.734178114814758231e+01
4.760274386482238640e+01
4.775264801740646448e+01
4.764413345952034007e+01
4.758429834828376670e+01
4.736509561176300309e+01
4.710434039220810121e+01
4.688642650318145400e+01
4.687322582688331352e+01
4.720512431006431342e+01
4.712194308261871356e+01
4.749052532272338567e+01
4.803355096054077222e+01
4.817325473814010905e+01
4.869650423707962261e+01
4.961873693914413508e+01
4.995517255477905394e+01
5.063695029582977014e+01
5.137240183591842424e+01
5.115001350479126074e+01
5.114155905809402469e+01
5.159538267812728662e+01
5.223059780750274683e+01
5.284202298545837095e+01
5.345882000408172274e+01
5.387955889549255062e+01
5.423078728199005383e+01
5.444935006732940508e+01
5.440013379135131544e+01
5.506374638061523541e+01
5.534343824176788473e+01
5.564753279247283757e+01
5.611937044219970971e+01
5.630171723175048726e+01
5.641084046249389417e+01
5.677439570140838754e+01
5.821134074516296408e+01
5.957665679759979582e+01
6.048244232063293424e+01
6.194614548015594835e+01
6.311933098678589005e+01
6.506123421058654799e+01
6.646485541458129376e+01
6.836156086597442538e+01
7.016925994949340861e+01
7.186350753631592170e+01
7.276451772804260543e+01
7.437855181274413496e+01
7.674957751197814559e+01
7.745663290443420124e+01
7.857031764221191850e+01
7.934778836517334355e+01
8.078614994697571206e+01
8.213884489669800359e+01
8.385125166206360348e+01
8.531669718093871779e+01
8.545665843620299995e+01
8.612959288253783541e+01
8.720783958702087091e+01
8.889980243606567001e+01
8.941199611282348769e+01
9.038786572875976333e+01
9.068646226501465435e+01
8.989670653457640981e+01
9.074934990043639971e+01
9.170519321937561585e+01
9.295800040512085616e+01
9.396269670372009841e+01
9.455987148284911825e+01
9.588856869659423410e+01
9.684387149658202532e+01
9.685927353706360066e+01
9.727155485725403139e+01
9.753129504432678232e+01
9.728270350074768658e+01
9.699239866676330735e+01
9.610987341995239319e+01
9.599313397293090588e+01
9.492290985908508105e+01
9.406876885223388740e+01
9.321109693069458046e+01
9.201947157592773863e+01
9.145007040481567628e+01
9.109715747642516703e+01
9.061855214004516768e+01
9.129073908195495335e+01
9.090917212142944948e+01
9.171051447525024969e+01
9.212121033554076632e+01
9.237172499389647840e+01
9.298728233375548768e+01
9.454395195465087909e+01
9.487313011512756589e+01
9.500976199378966669e+01
9.508052095298766915e+01
9.549092800102233980e+01
9.570347953224181481e+01
9.648940711288452121e+01
9.723411478195190227e+01
9.790864901390075659e+01
9.815772823944091385e+01
9.845840910110473487e+01
9.903009189376831500e+01
9.967319792251586819e+01
1.000371788330078147e+02
1.013081955234527527e+02
1.020347374053955036e+02
1.031838828456878616e+02
1.043424517280578669e+02
1.051676795009612988e+02
1.056144772636413620e+02
1.065009590389251741e+02
1.068278736858367921e+02
1.071390384815216095e+02
1.073608167922973564e+02
1.078795180835723926e+02
1.081313132606506286e+02
1.082139425903320245e+02
1.083454489151000928e+02
1.087304346450805639e+02
1.085787769546508770e+02
1.089071608386993404e+02
1.091703023090362592e+02
1.091879091007232603e+02
1.097389413711547803e+02
1.096655918022155731e+02
1.097152663677215543e+02
1.095432736114501893e+02
1.099716197261810322e+02
1.102269666801452672e+02
1.106663829887390165e+02
1.107433393989562944e+02
1.113655044830322254e+02
1.115695544204711922e+02
1.119613511222839293e+02
1.118042221260070761e+02
1.118160925636291552e+02
1.126257202827453625e+02
1.124169464630126924e+02
1.120449972648620616e+02
1.123821117912292493e+02
1.130460651229858371e+02
1.144273574287414590e+02
1.173945841278076188e+02
1.197397072402954166e+02
1.213998972618103096e+02
1.244295286651611292e+02
1.250661350303649897e+02
1.252641398872375476e+02
1.256199830635070782e+02
1.235498020469665477e+02
1.232293428836822500e+02
1.238579667560577349e+02
1.247380293235778765e+02
1.228564493900299084e+02
1.221411301731109660e+02
1.214526637611389219e+02
1.211517664035797139e+02
1.213935957546234192e+02
1.203094380847930864e+02
1.172591086879730256e+02
1.167056183509826610e+02
1.168670994537353494e+02
1.162600468093872053e+02
1.123826584995269826e+02
1.082397447208404486e+02
1.056795605979919372e+02
1.054440697330474848e+02
1.055438927898406973e+02
1.051223973052978522e+02
1.051780328125953616e+02
1.061106260246276918e+02
1.061029532302856495e+02
1.070130952302932741e+02
1.076496215763092010e+02
1.093804374931335417e+02
1.097274403446197510e+02
1.110168362243652354e+02
1.121423647430419948e+02
1.133924439285278254e+02
1.137739154270172151e+02
1.134292873920440741e+02
1.137255407665252704e+02
1.141531330188751241e+02
1.142333760211944593e+02
1.137919710357666077e+02
1.138472684047698920e+02
1.138140408378601052e+02
1.136577034465789779e+02
1.135321962673187244e+02
1.135105653518676689e+02
1.132911827369689917e+02
1.128066134788513182e+02
1.124904873046875053e+02
1.120559851665496893e+02
1.120100124740600620e+02
1.117367969017028742e+02
1.114265895713806174e+02
1.111879275554656914e+02
1.110825881843566947e+02
1.106952891105651844e+02
1.102858600208282525e+02
1.102944865753173787e+02
1.101985655872344978e+02
1.101279127132415709e+02
1.105885096248626667e+02
1.106653325550079359e+02
1.110372290500640844e+02
1.114387643608093299e+02
1.120488328002929705e+02
1.128981552635192855e+02
1.130930727378845262e+02
1.125979857246398979e+02
1.117856530990600561e+02
1.120933823646545449e+02
1.124899371444702183e+02
1.124251730964660680e+02
1.120235403121948252e+02
1.131274241714477569e+02
1.134879791847229029e+02
1.137755057449340796e+02
1.143617219284057569e+02
1.148737004295349067e+02
1.147659115036010746e+02
1.151238445106506418e+02
1.154588184806823676e+02
1.156305501602172825e+02
1.149568697921752971e+02
1.147672780525207514e+02
1.148902278724670367e+02
1.147816319961547862e+02
1.147948542869567916e+02
1.138420716400146517e+02
1.140677150222778380e+02
1.145263769260406548e+02
1.152437011016845645e+02
1.156549146263122623e+02
1.162701300548553434e+02
1.163509903541564938e+02
1.165945470939636266e+02
1.166776056762695362e+02
1.165621025405883842e+02
1.177384191658020001e+02
1.195465176113128649e+02
1.204769613719940224e+02
1.204440291896820128e+02
1.199374618415832572e+02
1.192377796279907187e+02
1.183465912826538045e+02
1.178261658046722431e+02
1.171610051410675055e+02
1.165998927379608148e+02
1.168035119812011686e+02
1.175466272449493346e+02
1.165914714469909654e+02
1.169462563735961851e+02
1.169965374160766629e+02
1.172216853324890167e+02
1.171305727622985842e+02
1.177708432441711466e+02
1.168347529083251999e+02
1.164150880825042691e+02
1.164009859004974317e+02
1.161177658512115443e+02
1.163654970531463562e+02
1.162476998130798336e+02
1.159806282588958766e+02
1.155447137096405044e+02
1.158435553054809617e+02
1.158083386245727553e+02
1.151511117134094206e+02
1.152424902431488078e+02
1.145866559982299862e+02
1.142617451610565240e+02
1.140404866973876921e+02
1.143201221340179501e+02
1.131545815799713068e+02
1.129607994773864732e+02
1.134069019165039123e+02
1.129511693775177008e+02
1.131039676506042468e+02
1.132180722934722894e+02
1.127935440700531018e+02
1.131191680740356418e+02
1.133104557025909429e+02
1.140067256656646748e+02
1.140950594280242854e+02
1.139343815387725840e+02
1.143844837554931644e+02
1.139988040298461982e+02
1.134612923328399603e+02
1.134431017238616874e+02
1.120003382461547830e+02
1.111884684867858937e+02
1.101625056411743202e+02
1.105712870742797804e+02
1.111971242429733309e+02
1.113584681753158634e+02
1.123273376594543436e+02
1.123867835365295349e+02
1.129515184865951483e+02
1.133003513996124241e+02
1.138959039154052704e+02
1.143299476325988735e+02
1.141195243469238250e+02
1.138755210876464901e+02
1.127586665248870901e+02
1.116976637016296365e+02
1.109315207202911324e+02
1.099032976795196532e+02
1.089989057987213101e+02
1.080770957855224594e+02
1.078309520309448288e+02
1.076529480041503888e+02
1.075852588871002240e+02
1.078828011642456062e+02
1.086113436752319359e+02
1.086772902976989741e+02
1.089742581054687491e+02
1.096214948627471983e+02
1.100933311111450195e+02
1.103215108436584444e+02
1.095149013442993180e+02
1.091124822074890091e+02
1.090013989334106412e+02
1.087247005153655977e+02
1.072350057971954413e+02
1.073626948808670107e+02
1.070426894527435309e+02
1.066163767587661795e+02
1.063318892625808729e+02
1.066065400569915766e+02
1.068515212642669638e+02
1.071002387044906641e+02
1.071408760307312065e+02
1.071405182563781722e+02
1.075006038482666071e+02
1.072901426830291740e+02
1.075402523508071937e+02
1.082337488655090283e+02
1.083156076639175467e+02
1.078889902528762832e+02
1.071210757745742796e+02
1.055097718751907365e+02
1.036462979389190622e+02
1.028794921426773072e+02
1.017969790409088091e+02
1.009502158475875859e+02
9.927056322078705364e+01
9.926094141216277933e+01
9.909910318622588932e+01
9.892398403835296961e+01
9.934025810203551998e+01
9.958390908718109813e+01
9.966946493835449417e+01
1.002347305622100890e+02
1.005369239730834892e+02
1.011900262527465770e+02
1.019640167072296180e+02
1.021801067131042515e+02
1.010394768894195607e+02
1.008445215583801229e+02
1.010521311504363950e+02
1.016306947052001988e+02
1.019637298824310250e+02
1.024246953388214081e+02
1.027559550712585406e+02
1.024248823528289734e+02
1.022966486526489263e+02
1.018660717773437483e+02
1.016117475582122864e+02
1.016835725269317692e+02
1.016515433349609339e+02
1.017736147335052550e+02
1.018457575447082490e+02
1.017867318859100294e+02
1.021252397006988559e+02
1.027327185726165766e+02
1.025895803657531786e+02
1.012439027175903306e+02
1.001644553749084423e+02
1.006496739238739053e+02
1.003491199409484835e+02
9.877017095775603650e+01
9.939912672863006549e+01
9.904608221797943202e+01
9.927924909877776827e+01
9.896475008850097765e+01
9.859039161624907877e+01
9.836503274383544237e+01
9.795209085769653257e+01
9.736356999473571250e+01
9.735986972103118831e+01
9.766041392135619503e+01
9.724306599502563131e+01
9.696715228805541642e+01
9.637891403541564728e+01
9.638099864597320732e+01
9.653569099826812305e+01
9.615316888694762554e+01
9.638753278541564384e+01
9.671009956130981777e+01
9.736191849918365904e+01
9.766825982170105647e+01
9.819022564525604935e+01
9.821112884349822991e+01
9.850991580390930835e+01
9.846842828617096188e+01
9.810386611957549974e+01
9.806996964740753242e+01
9.770698359107970532e+01
9.730087956848144870e+01
9.742581764659881571e+01
9.743161633396148602e+01
9.711919838047028009e+01
9.747198575897216699e+01
9.732850420360564669e+01
9.754756511726380097e+01
9.764363637886047798e+01
9.795193433303832364e+01
9.806219740047454536e+01
9.799009754505156877e+01
9.846310923938750648e+01
9.809470765399932191e+01
9.822788355216979994e+01
9.822562808303833037e+01
9.862956687126160205e+01
9.947075913410186843e+01
9.873856947040557941e+01
9.935195024261474828e+01
9.963935111770629760e+01
9.995032339019775236e+01
9.992605608024597075e+01
9.975173367538452851e+01
9.975386735153198003e+01
9.980896598777771089e+01
9.985498115005492537e+01
9.981412998313903984e+01
9.969818677215576486e+01
9.954610330963134857e+01
9.931932206573486610e+01
9.901399917774200787e+01
9.879094619483947781e+01
9.848133758945465388e+01
9.833666764850616460e+01
9.816560116634369138e+01
9.807881113567351861e+01
9.805296084480285401e+01
9.785600490360259585e+01
9.768278397941588764e+01
9.752505530471802331e+01
9.730329675254822064e+01
9.720476047668456943e+01
9.678236320381164148e+01
9.677756216735839701e+01
9.684153112792968443e+01
9.751308356628418039e+01
9.661796647682190553e+01
9.673705298042297329e+01
9.631942979278564110e+01
9.655273636016845273e+01
9.665747768669127993e+01
9.626070900535583519e+01
9.596626622276306762e+01
9.626764645690917632e+01
9.648187108879089635e+01
9.616955343971253001e+01
9.674056561660766818e+01
9.711431246376037052e+01
9.756353484382628949e+01
9.759495516510010305e+01
9.777673959274291349e+01
9.853315548133849688e+01
9.873706829757691139e+01
9.895841326789856396e+01
9.892029735374450183e+01
9.890634804229736687e+01
9.888722289619445860e+01
9.878285296592711973e+01
9.845783998889923794e+01
9.962114501037598302e+01
1.007877110946655250e+02
1.013096344955444295e+02
9.907219173126220824e+01
9.943861042137146455e+01
1.001912827526092542e+02
1.017699060512542673e+02
1.034235389617919907e+02
1.048114432825088471e+02
1.068202375841140679e+02
1.075240780616760219e+02
1.082581845529556261e+02
1.083023128236770560e+02
1.075189428686142037e+02
1.062190769474029537e+02
1.033640003471374484e+02
1.004693081272125283e+02
9.887012864727974204e+01
9.843382249808311713e+01
9.870950688074827895e+01
9.931336800251007446e+01
9.912990220408440223e+01
9.878998087861538124e+01
9.805613812093734794e+01
9.857504248909950206e+01
9.843498807382583493e+01
9.715352525629997160e+01
9.656631338537931697e+01
9.675119120659827843e+01
9.669497380526065911e+01
9.707844488716125397e+01
9.744029779601096664e+01
9.819144574851989660e+01
9.872751249670982077e+01
9.867276706843375678e+01
9.756024563393593496e+01
9.785607316923140786e+01
9.778313019495010394e+01
9.845648821420670060e+01
9.848770518617629932e+01
9.848827563533782836e+01
9.845381559371948299e+01
9.852069635829926142e+01
9.910832471828460655e+01
9.915139656677246194e+01
9.914837414798736859e+01
9.915873098516463813e+01
9.958235292396545901e+01
9.943500489521026964e+01
9.947433196926117205e+01
9.922094864883422360e+01
9.966190494155884494e+01
1.003749177944183373e+02
1.010694164876937862e+02
1.009004266508102461e+02
1.014310137910842826e+02
1.013299778083801215e+02
1.016011252058029157e+02
1.017614061731338495e+02
1.022808260162353520e+02
1.021390836881637512e+02
1.021851316282272393e+02
1.023043129688262951e+02
1.020620574213981655e+02
1.023107377512931890e+02
1.019888830427169779e+02
1.018824478234291036e+02
1.003020953086137723e+02
1.002701312689304416e+02
1.005180279373407330e+02
1.014489518772602139e+02
1.022099341415882066e+02
1.028540190417766524e+02
1.041179058460712383e+02
1.036767841802597019e+02
1.031287263001441943e+02
1.025091989029407529e+02
1.015045631820678693e+02
1.013203483373641944e+02
1.015037675148010266e+02
1.007457234209060601e+02
1.009342646896362368e+02
1.014398053832054103e+02
1.011768632385253852e+02
1.006136605129241985e+02
1.003868012450218146e+02
1.006163962738037156e+02
1.005340860578536990e+02
1.000372487846374554e+02
1.000676369409561204e+02
1.001934258033752485e+02
9.988861613426207953e+01
9.856274159736632612e+01
9.817741807689667155e+01
9.650520051441192493e+01
9.609292770042419818e+01
9.619397705631256201e+01
9.588286823120117219e+01
9.591644242477417492e+01
9.623720395011902440e+01
9.559665734348297406e+01
9.520876838817596877e+01
9.421585246505736677e+01
9.426069324874877964e+01
9.415407611494063644e+01
9.445739927968979543e+01
9.491649341068267631e+01
9.545602244958877236e+01
9.506226748294830031e+01
9.527991681814194180e+01
9.604436742916107050e+01
9.633989513931274473e+01
9.644368723812102928e+01
