4.234045532095944697e-01
4.234045532095944697e-01
4.234045532095944697e-01
4.234045532095944697e-01
4.234045532095944697e-01
4.234045532095944697e-01
4.234045532095944697e-01
4.234045532095944697e-01
4.234045532095944697e-01
4.234045532095944697e-01
4.234045532095944697e-01
4.234045532095944697e-01
4.234045532095944697e-01
4.234045532095944697e-01
4.234045532095944697e-01
4.234045532095944697e-01
4.234045532095944697e-01
4.234045532095944697e-01
4.234045532095944697e-01
4.234045532095944697e-01
4.234045532095944697e-01
4.234045532095944697e-01
4.234045532095944697e-01
4.234045532095944697e-01
4.234045532095944697e-01
4.234045532095944697e-01
4.234045532095944697e-01
4.234045532095944697e-01
4.234045532095944697e-01
4.234045532095944697e-01
4.234045532095944697e-01
4.234045532095944697e-01
4.234045532095944697e-01
4.234045532095944697e-01
4.234045532095944697e-01
4.234045532095944697e-01
4.234045532095944697e-01
4.234045532095944697e-01
4.234045532095944697e-01
4.234045532095944697e-01
4.234045532095944697e-01
4.234045532095944697e-01
4.234045532095944697e-01
4.234045532095944697e-01
4.234045532095944697e-01
4.234045532095944697e-01
4.234045532095944697e-01
4.234045532095944697e-01
4.234045532095944697e-01
4.234045532095944697e-01
4.234045532095944697e-01
4.234045532095944697e-01
4.234045532095944697e-01
4.234045532095944697e-01
4.234045532095944697e-01
4.234045532095944697e-01
4.234045532095944697e-01
4.234045532095944697e-01
4.234045532095944697e-01
4.234045532095944697e-01
4.234045532095944697e-01
4.234045532095944697e-01
4.234045532095944697e-01
4.234045532095944697e-01
4.234045532095944697e-01
4.234045532095944697e-01
4.234045532095944697e-01
4.234045532095944697e-01
4.234045532095944697e-01
4.234045532095944697e-01
4.234045532095944697e-01
4.234045532095944697e-01
4.234045532095944697e-01
4.234045532095944697e-01
4.234045532095944697e-01
4.234045532095944697e-01
4.234045532095944697e-01
4.234045532095944697e-01
4.234045532095944697e-01
4.234045532095944697e-01
4.234045532095944697e-01
4.234045532095944697e-01
4.234045532095944697e-01
4.234045532095944697e-01
4.234045532095944697e-01
4.234045532095944697e-01
4.234045532095944697e-01
4.234045532095944697e-01
4.234045532095944697e-01
4.234045532095944697e-01
4.234045532095944697e-01
4.234045532095944697e-01
4.234045532095944697e-01
4.234045532095944697e-01
4.234045532095944697e-01
4.234045532095944697e-01
4.234045532095944697e-01
4.234045532095944697e-01
4.234045532095944697e-01
4.234045532095944697e-01
4.234045532095944697e-01
4.234045532095944697e-01
4.234045532095944697e-01
4.234045532095944697e-01
4.234045532095944697e-01
4.234045532095944697e-01
4.234045532095944697e-01
4.234045532095944697e-01
4.234045532095944697e-01
4.234045532095944697e-01
7.859800676122308261e-01
1.126018191382288869e+00
1.437841279521584470e+00
1.809518445837497769e+00
2.295208726358413553e+00
2.754684339690208539e+00
3.061057631766796128e+00
3.525106285214424151e+00
4.263200249838829059e+00
5.218414521670341699e+00
6.225335954427719365e+00
7.341780059075355247e+00
7.814630062127113419e+00
8.671573864769936080e+00
9.441062786817550290e+00
1.006487857909202610e+01
1.062867345294952415e+01
1.081280669255256655e+01
1.127253547739982587e+01
1.157636878356933607e+01
1.194046324238777146e+01
1.211455997743606616e+01
1.196072465300560062e+01
1.189271084852218685e+01
1.190720248048305585e+01
1.224924739906787785e+01
1.242889099218845317e+01
1.272308679921627039e+01
1.303125486176013936e+01
1.314944075200557627e+01
1.339852913902998033e+01
1.376426474390029853e+01
1.434518803874254189e+01
1.479748232715129852e+01
1.514239551348686241e+01
1.563095967402458264e+01
1.608118251059055481e+01
1.692894888792038088e+01
1.714357578253746084e+01
1.766474783883094801e+01
1.785379321761131166e+01
1.805874789333343600e+01
1.842405830559730617e+01
1.853922760820388760e+01
1.856719411034584155e+01
1.905130184607505939e+01
1.873617870368957483e+01
1.864139735231399442e+01
1.858141973462104701e+01
1.887851699774265413e+01
1.878265977768898054e+01
1.901102108666896839e+01
1.898091112511157874e+01
1.907046905353069377e+01
1.917824652860164747e+01
1.925474351348876922e+01
1.931616489181518403e+01
1.940669413955211553e+01
1.957959285264015037e+01
1.967958627007007522e+01
1.963954224762916567e+01
1.946467956049442449e+01
1.973438448572158777e+01
1.989480983777046319e+01
2.005624546995163016e+01
2.000056500453948871e+01
2.010724395093917849e+01
1.989441342334747276e+01
1.984127708077430796e+01
1.999466444293260636e+01
2.031950310077667154e+01
2.057395404052734378e+01
2.075061376929282986e+01
2.087329504148960169e+01
2.082561715522408363e+01
2.083214136688113172e+01
2.066133650152683288e+01
2.071756157289743427e+01
2.043724103730917108e+01
2.029440530240535878e+01
2.029816130477189873e+01
2.000438350405693200e+01
2.017051342928409596e+01
2.015205221009254544e+01
2.034673598175048781e+01
2.105460344781875648e+01
2.140293354737758591e+01
2.163914683790206794e+01
2.163429355096817019e+01
2.147649036488532914e+01
2.159330236973762496e+01
2.147723404827117832e+01
2.149363817358016959e+01
2.128810266504287796e+01
2.132638374876976073e+01
2.102350248260497878e+01
2.107819170804023656e+01
2.114318982968330474e+01
2.130631348733901831e+01
2.120538191409110951e+01
2.121522076220512432e+01
2.141890386476516639e+01
2.158059010238647346e+01
2.157904619309902117e+01
2.145131370396613946e+01
2.132419556932449467e+01
2.130721800169944657e+01
2.134958067009448968e+01
2.121073750193119167e+01
2.108428448162078794e+01
2.093660314638614750e+01
2.084026450760364568e+01
2.078154882466792941e+01
2.072895900466442143e+01
2.063606783730983807e+01
2.056939010488986952e+01
2.051342644305229257e+01
2.045160885281562813e+01
2.035079863138198775e+01
2.032348653054237531e+01
2.017925287892818531e+01
1.999689976456165397e+01
2.003023725888728990e+01
1.995836346051692800e+01
1.995838432486057457e+01
1.998489607076644958e+01
1.999550789010524809e+01
2.004474986655712243e+01
2.004171853156089611e+01
2.003706649980545151e+01
1.979911017062664058e+01
1.981630071620941180e+01
1.986674018616676207e+01
2.000376752099990796e+01
2.032506054830551179e+01
2.084623452336788318e+01
2.068579596071243287e+01
2.075534815740585159e+01
2.050568420596122721e+01
2.037977957105636762e+01
2.038869072937965399e+01
2.030801073751449692e+01
1.981475859344005741e+01
1.929185883893966746e+01
1.904881863684654064e+01
1.903157565115690275e+01
1.891570938680171921e+01
1.916742918589115163e+01
1.896637411825359010e+01
1.901733133204877291e+01
1.919078524156808996e+01
1.957626589351594504e+01
1.945723128777742517e+01
1.953945806092023929e+01
1.967584663666486833e+01
1.954096316304206837e+01
1.932633770762681991e+01
1.977449841879010251e+01
1.993807653433084326e+01
1.971871907821893544e+01
1.973551409128904410e+01
1.965815594483613893e+01
1.953776317155361042e+01
1.965344406213760209e+01
1.973547935620546312e+01
1.964787476358413798e+01
1.974397897884845676e+01
1.941371739037036903e+01
1.936899556750059048e+01
1.918837772930860552e+01
1.905535014463066901e+01
1.900758752523660533e+01
1.889094131042361369e+01
1.896979247311055516e+01
1.884740573385655793e+01
1.890640966714322602e+01
1.919218155759573108e+01
1.923005565503835612e+01
1.913678018610477594e+01
1.919392016962766689e+01
1.831655449575185912e+01
1.818021484181880965e+01
1.784218451257943983e+01
1.739308294916153130e+01
1.797850246756076942e+01
1.776723309371471515e+01
1.740135370504856027e+01
1.760967456797063235e+01
1.751945583853721544e+01
1.808675875429511137e+01
1.832878544141650323e+01
1.857682861990332768e+01
1.859695056017637427e+01
1.889921533167362355e+01
1.906136215775012843e+01
1.928060263352394088e+01
1.927867689189911005e+01
1.947050457811355528e+01
1.941990976386070145e+01
1.943022909371256901e+01
1.937353653669357456e+01
1.940381179116964461e+01
1.951355117260217753e+01
1.939583093351125598e+01
1.929152808613777026e+01
1.939659582465887055e+01
1.935225930281877638e+01
1.937432034012079285e+01
1.954118730244636382e+01
1.985309789519309831e+01
1.975652909810543179e+01
2.003822233133315933e+01
1.970137501245736900e+01
1.924917607083320448e+01
1.910804146671295101e+01
1.893811500176191487e+01
1.911057732784747998e+01
1.892037106015682113e+01
1.894773517603874069e+01
1.907417328836917747e+01
1.940120599179267913e+01
1.951780914359092733e+01
1.989387413082122791e+01
2.009247547519207089e+01
2.046875784683227550e+01
2.056831106810569665e+01
2.033372348771095162e+01
2.033726361024379869e+01
2.021409887373447489e+01
1.995114351662397212e+01
1.996215572830438489e+01
1.970743716349601726e+01
1.918078050709962667e+01
1.912287019780874076e+01
1.918573641878366587e+01
1.920083853521943240e+01
1.910751756941676049e+01
1.946818727071881128e+01
1.944388518054485360e+01
1.957077813013195922e+01
1.960050656164884586e+01
1.948114799683689924e+01
1.932213860917091353e+01
1.925968512257933440e+01
1.905810267083048970e+01
1.921112731634974580e+01
1.925788145651221228e+01
1.919131922779083155e+01
1.921147506798505944e+01
1.947494637434482456e+01
1.989536152559518811e+01
2.000113140269517942e+01
2.002379648847579929e+01
1.976165058617591797e+01
1.991467169876098708e+01
2.000254482817650015e+01
1.982191470831036639e+01
1.923397594772279362e+01
1.884742305325269740e+01
1.886045179033279595e+01
1.869695230150222898e+01
1.860541752703189999e+01
1.839700826514661358e+01
1.840485791630148782e+01
1.840248462247252448e+01
1.847617695611119260e+01
1.840210274964571013e+01
1.829512020432948916e+01
1.812451015257835252e+01
1.792724634688496721e+01
1.769833705444336047e+01
1.776862633308172335e+01
1.803866674443483475e+01
1.828279293899536029e+01
1.823860679620504399e+01
1.813381863352060464e+01
1.842638261885046802e+01
1.847330637583732482e+01
1.869940986505746849e+01
1.856128222131729189e+01
1.911569222831726123e+01
1.872972602448463419e+01
1.867855802448988101e+01
1.867857262961864606e+01
1.888274839561581686e+01
1.874260937042236463e+01
1.884030796830653998e+01
1.863711593128442701e+01
1.910162229927778199e+01
1.931571360262632453e+01
1.937515530710220446e+01
1.952755703374147345e+01
1.958869500528573937e+01
1.989589659225940821e+01
1.971785163627862758e+01
1.969904383620023580e+01
1.984291492009162994e+01
1.982404354362487808e+01
2.018525917738080011e+01
2.026741247231960230e+01
2.030207764490842948e+01
2.059694549665450936e+01
2.045580210623741024e+01
2.055063059400320213e+01
2.049338047039508837e+01
2.050166283357143371e+01
2.028210344285965050e+01
2.039453319706916901e+01
2.006949687681198213e+01
2.029983660312890947e+01
2.026748378156423414e+01
2.013827375197410419e+01
2.010188518975973082e+01
1.962398160241842149e+01
1.915767390543222604e+01
1.888524980387091645e+01
1.883113977148532925e+01
1.852217349275946745e+01
1.805280330634117192e+01
1.787955593540668531e+01
1.750893840324282635e+01
1.780881810288429179e+01
1.789915033689737456e+01
1.809614069908857203e+01
1.825538355643153210e+01
1.824553986428379915e+01
1.802464855954647049e+01
1.815806422243714380e+01
1.825764913014173629e+01
1.834882600737810066e+01
1.817502232300639164e+01
1.835415229299664475e+01
1.848663260589837876e+01
1.854564684175252864e+01
1.821612082269191646e+01
1.835514949492216275e+01
1.846305367453694402e+01
1.847781804649829951e+01
1.848042471689581845e+01
1.850169056476354612e+01
1.843612193622589146e+01
1.802858664546608836e+01
1.815247231075763779e+01
1.812498684329390386e+01
1.824964116314053442e+01
1.851146288002729534e+01
1.846968626806735969e+01
1.866692619476318526e+01
1.856412106937170137e+01
1.835050812834501244e+01
1.857525940574407741e+01
1.857867430657148233e+01
1.865708675661086957e+01
1.906072094197273259e+01
1.919635044884681818e+01
1.923614429140090820e+01
1.883391493176817733e+01
1.922230406606197306e+01
1.939401579893827332e+01
1.981498619128465677e+01
2.013256373941898403e+01
2.084482757407426945e+01
2.089514297827482281e+01
2.088837812691927098e+01
2.050160769975185460e+01
2.008722234875559920e+01
1.996374922426938880e+01
2.002176660046577439e+01
1.997904314674138959e+01
2.003076485614776558e+01
2.006914368861913545e+01
2.023296831326484835e+01
2.017846897281408403e+01
2.017348473677635212e+01
2.007671065959930345e+01
1.991190866422653372e+01
1.987493072475194822e+01
1.995524465945959136e+01
1.994467809132337521e+01
1.966323192051649116e+01
1.966519405647516194e+01
1.958037867609262506e+01
1.949739599729776529e+01
1.958986040164232278e+01
1.955108795254230358e+01
1.971138763129711080e+01
1.968626089740991603e+01
1.980723323790430968e+01
1.979610124376416280e+01
1.937768543891906603e+01
1.955269292885065013e+01
1.945376391768455449e+01
1.905534039403200097e+01
1.844519529751539366e+01
1.827176677101850544e+01
1.812915986771583476e+01
1.861342333474159361e+01
1.862599289282560378e+01
1.887183086237907403e+01
1.881096860562562867e+01
1.899647545114755687e+01
1.896853274834155911e+01
1.907513265707492778e+01
1.904068539718389630e+01
1.900256790435314258e+01
1.877562219624519457e+01
1.890261688119172945e+01
1.919224231467246966e+01
1.936999023039340884e+01
1.955415386406183131e+01
1.952597222819328238e+01
1.941926612725258039e+01
1.966129373061657049e+01
1.955756999300718135e+01
1.956587023798227420e+01
1.938447232717275526e+01
1.928354488705396719e+01
1.925489705984592348e+01
1.920467816202640421e+01
1.894126595904231181e+01
1.876436708461046265e+01
1.878993046924471955e+01
1.873813722615242128e+01
1.858189709879755824e+01
1.872019445731639919e+01
1.860042457326650478e+01
1.875799347157478181e+01
1.880839911150336263e+01
1.890879850227832648e+01
1.876286378005742961e+01
1.858321655224561653e+01
1.862904332015514441e+01
1.849219721988439602e+01
1.877040921838283438e+01
1.917724633975029036e+01
1.888294205435514428e+01
1.883124052741527521e+01
1.929053170508146309e+01
1.951505949448347010e+01
1.960343833477497100e+01
1.976793402739763295e+01
1.971883867892026743e+01
1.969953564635515164e+01
1.973358947610855196e+01
1.989752840557098423e+01
1.971203597267865959e+01
1.978065188753604886e+01
1.965970142989158731e+01
1.968366087832450972e+01
1.961195109206438048e+01
1.975079565049409780e+01
2.003951524536609696e+01
1.991056440793275684e+01
2.003013082810640455e+01
2.047790895808338973e+01
2.078752161563634715e+01
2.083155157837867577e+01
2.072211393882036035e+01
2.047948204945326012e+01
2.026053654021024641e+01
2.023007818663120361e+01
2.026384673124551838e+01
1.971283102151155475e+01
1.987045965814590431e+01
1.921383624999523221e+01
1.929743066958188891e+01
1.965028201307058353e+01
1.931247066495418707e+01
1.903107732032537314e+01
1.905908132401704691e+01
1.911462618049383266e+01
1.925998011922836284e+01
1.938948957252502581e+01
1.964062372636795217e+01
1.972109189678430496e+01
1.986221600400209297e+01
2.003190111733675138e+01
2.001759106092453067e+01
1.975345981824397867e+01
1.981431557238101959e+01
1.988205531303882623e+01
1.969862174220085294e+01
1.977096419169902930e+01
2.036626758463382814e+01
2.043233620131015726e+01
2.069940132942199540e+01
2.062680652290582728e+01
2.046414767260551315e+01
2.053168874995708393e+01
2.059659994399547500e+01
2.023598634176254407e+01
2.057404791407585165e+01
2.048067026286125270e+01
2.039228010759353538e+01
2.020359855045080266e+01
2.040025126450061776e+01
2.014462746930122350e+01
2.013718694345951121e+01
2.026612927337884784e+01
2.034547355993986173e+01
2.044609967913627457e+01
2.063374605861902111e+01
2.050909031771421454e+01
2.051628733696937701e+01
2.033965082672834512e+01
2.035249412381649137e+01
2.024845958111286137e+01
2.011935407494306460e+01
2.018284498096704382e+01
2.013878441271781838e+01
2.022632547050714535e+01
1.998387626250386262e+01
1.984162238146066670e+01
1.977857932995557633e+01
1.989228430890440791e+01
1.985176399890184484e+01
1.976092285073399424e+01
1.976261092569827937e+01
1.979430914058089286e+01
2.002859868935346555e+01
1.979577984457015916e+01
1.951321271692514259e+01
1.953738242646455703e+01
1.960861843660473980e+01
1.964285581026077310e+01
1.962164205476641499e+01
1.910380187616348380e+01
1.930543502515554266e+01
1.891015912687182521e+01
1.869899446476697946e+01
1.880837254214286958e+01
1.893544302994012796e+01
1.896262027746438861e+01
1.904721324572563290e+01
1.910213095376491665e+01
1.965522630668878534e+01
1.997348059607744375e+01
1.998575401818752439e+01
1.987629381875991896e+01
2.002586343077421205e+01
1.968366247709989381e+01
1.969481271090507590e+01
1.982323529939651507e+01
2.022688916072845444e+01
2.027774733078479841e+01
1.987490084944963442e+01
2.001543768679499635e+01
2.011350863812565848e+01
2.019019742029309228e+01
2.023903501495123081e+01
2.013313831884860861e+01
1.997727338172197165e+01
1.958303707132339611e+01
1.958578449058532556e+01
1.944128705767393228e+01
1.948607029255628476e+01
1.970762615414857777e+01
1.986645089216232307e+01
1.998031676095724052e+01
1.999925366805791782e+01
2.019389210401773482e+01
2.042495963572263662e+01
2.066056186296939856e+01
2.088399762004613791e+01
2.085693089288472990e+01
2.102246274538636328e+01
2.073918658881187582e+01
2.058630749244689895e+01
2.060580460659265611e+01
2.052064605494737748e+01
2.027773767336606880e+01
1.926931933521032292e+01
1.905927162546515419e+01
1.891932936242818997e+01
1.880631473603844483e+01
1.882607525809407178e+01
1.871959861690998039e+01
1.891972849560976044e+01
1.858861369959116061e+01
1.880916987662315520e+01
1.847076072092056265e+01
1.837100769556760937e+01
1.842257818671464875e+01
1.858733255244493421e+01
1.858003075259923875e+01
1.863287596306800964e+01
1.815769601040482684e+01
1.821619701738953623e+01
1.804279815264940368e+01
1.778352682256102568e+01
1.808388222146630397e+01
1.841323466979265078e+01
1.796287597254514523e+01
1.796421935647726187e+01
1.790970966498851880e+01
1.806576870553493563e+01
1.798606237620115422e+01
1.811488558254242065e+01
1.816589373928308504e+01
1.858219783769845890e+01
1.763605597651004686e+01
1.800268406149148959e+01
1.798290435889959227e+01
1.813946481812000400e+01
1.835961229445934251e+01
1.828251320172548233e+01
1.840201121705770504e+01
1.840818649673461849e+01
1.854616690833568526e+01
1.840094532473683486e+01
1.827441733506918098e+01
1.832979972743988029e+01
1.820370038520097822e+01
1.803185977642536031e+01
1.808872590141296399e+01
1.780550286110639746e+01
1.768179832680225516e+01
1.768652006872892457e+01
1.758988165863752329e+01
1.745627410892248221e+01
1.760192804126739574e+01
1.789992628037929379e+01
1.822491546961069275e+01
1.784596018455028599e+01
1.793625501258373234e+01
1.810838027982711651e+01
1.811794022806882865e+01
1.816831012821793578e+01
1.827678437906503817e+01
1.836656447508335077e+01
1.843699663234949071e+01
1.839891368758678425e+01
1.836019856466054989e+01
1.826476849523782775e+01
1.840670283871889268e+01
1.873336416592598042e+01
1.843817739317417193e+01
1.847641380046606230e+01
1.854778457144498915e+01
1.843630537685155701e+01
1.813850623581409494e+01
1.799945053079128243e+01
1.802593459421992250e+01
1.791217039304971692e+01
1.775174091309309077e+01
1.774571675078868793e+01
1.790617774592638156e+01
1.811303845161199533e+01
1.811017300807237618e+01
1.830979476001858686e+01
1.832939994737505884e+01
1.873652155190110236e+01
1.860952672885656511e+01
1.872611172155738046e+01
1.861617067624926491e+01
1.894278642700910709e+01
1.897852199353575742e+01
1.887769193048477234e+01
1.893413227192759507e+01
1.881037025895714621e+01
1.854093009105324796e+01
1.866194188740849569e+01
1.859505693712830521e+01
1.877763658354878373e+01
1.852095843099951722e+01
1.847861058678627089e+01
1.866183876951932774e+01
1.860946226437091866e+01
1.866503957144022152e+01
1.852985622022151802e+01
1.843705098729133596e+01
1.853384680239558335e+01
1.842564185885191108e+01
1.855059639452695919e+01
1.849280890094041752e+01
1.846728636578321314e+01
1.859867327168583984e+01
1.849201725615859004e+01
1.863244365060925389e+01
1.872444473149180411e+01
1.880223496542572903e+01
1.884792859776615970e+01
1.872219626939892834e+01
1.823624121479988247e+01
1.841663408645987587e+01
1.811845847045779223e+01
1.793272278249263607e+01
1.778592631013989589e+01
1.809460832839608102e+01
1.807516573373079183e+01
1.796187718070149586e+01
1.844873308116793709e+01
1.909899844632148813e+01
1.926106615918278564e+01
1.927831189886927632e+01
1.912360286739468407e+01
1.917849690307974697e+01
1.950714227253198629e+01
1.923287644258141427e+01
1.928833124693036183e+01
1.928185707086324641e+01
1.902922270641922964e+01
1.896438523328900416e+01
1.880817276819944439e+01
1.859088336061239133e+01
1.855162571711540309e+01
1.837953583289384696e+01
1.847882514351010386e+01
1.858424770516753100e+01
1.823907422518730215e+01
1.825075855139493797e+01
1.862928032183647176e+01
1.876792882274389385e+01
1.881680277679562607e+01
1.900635600455999352e+01
1.924221218280792201e+01
1.933264032319784320e+01
1.938486620903015023e+01
1.931342963706255134e+01
1.918709009166359891e+01
1.942088583599925045e+01
1.979567702250480821e+01
1.972077886811494807e+01
1.971929003101587341e+01
2.004437712134718907e+01
1.969950683830976601e+01
1.967443514758348400e+01
1.933624874173402830e+01
1.898644702166318865e+01
1.926270363731384450e+01
1.902529268323183231e+01
1.927239978576898594e+01
1.930499923800229922e+01
1.911371644271612169e+01
1.900098539983034129e+01
1.899440863938331603e+01
1.910249416149854795e+01
1.892314711155891516e+01
1.900945134667158243e+01
1.893294023219347011e+01
1.847270447419285944e+01
1.846338030842542821e+01
1.812858379957079791e+01
1.823349455380439821e+01
1.795314926531314725e+01
1.776106410027146509e+01
1.737805927565693764e+01
1.733348301080465248e+01
1.740933880494833019e+01
1.729218571187257680e+01
1.726927124568819849e+01
1.714309351800084258e+01
1.730552281023263816e+01
1.677193049172759132e+01
1.674506295661330313e+01
1.710798556820750349e+01
1.709758364627361260e+01
1.730664968230724199e+01
1.746326789708137639e+01
1.758999772874116729e+01
1.765341569638252395e+01
1.765110588479042164e+01
1.769413025475740397e+01
1.766583728715181323e+01
1.770644914721250629e+01
1.739166774780750302e+01
1.743986485270261610e+01
1.769734640108346824e+01
1.801586379039287422e+01
1.789644555296897721e+01
1.791868578135967383e+01
1.800249918243288860e+01
1.778474179495573182e+01
1.800164295233487977e+01
1.784896510447859796e+01
1.800782937979698062e+01
1.811426982727050827e+01
1.808463223376273987e+01
1.808964076408147648e+01
1.821375434741973720e+01
1.819896447311639776e+01
1.822764781872034234e+01
1.833177585450410874e+01
1.898813072103261845e+01
1.897807981073856354e+01
1.895421564452648155e+01
1.841485715900659415e+01
1.832991284976005630e+01
1.827828266308307548e+01
1.856851288783550302e+01
1.840468941580057205e+01
1.853186808188557677e+01
1.833329518793821222e+01
1.843289471027851079e+01
1.848138300511837073e+01
1.894609406155347742e+01
1.900781441895961876e+01
1.901902959996461817e+01
1.910602013121843257e+01
1.906531937783956465e+01
1.904767556307315957e+01
1.896139932469129619e+01
1.861121576716899995e+01
1.860682848031520820e+01
1.853336142539977871e+01
1.835786109858751303e+01
1.858046470155715824e+01
1.884998998848199747e+01
1.870616378417015113e+01
1.874296373512745006e+01
1.857109669997691981e+01
1.847475598484277626e+01
1.841586241800785118e+01
1.815629189425110823e+01
1.795063239551782530e+01
1.816967155089378494e+01
1.811080197929739910e+01
1.780277628085613273e+01
1.796776207818984972e+01
1.812058070691823985e+01
1.809367630926370651e+01
1.798307173771858203e+01
1.787231225509643551e+01
1.787123460193872404e+01
1.802224588551521478e+01
1.807739385592341463e+01
1.821733280116319520e+01
1.817744906865358345e+01
1.816416136033534912e+01
1.822642666875124107e+01
1.835335811489820657e+01
1.855383287078142018e+01
1.837394058669805474e+01
1.820912796964049463e+01
1.819726157023310620e+01
1.835591678414344941e+01
1.812995108076334105e+01
1.800947542877197094e+01
1.813299988972544696e+01
1.826733264711499061e+01
1.835216192234754473e+01
1.836640024602413135e+01
1.854154401623010529e+01
1.867317075667381232e+01
1.865467441993951780e+01
1.863895469666719507e+01
1.868670940026044747e+01
1.870125677601098957e+01
1.855254450902938856e+01
1.825548728374242913e+01
1.830964913464784516e+01
1.825178397120237506e+01
1.742425958769321426e+01
1.764265916851758931e+01
1.773501501771211508e+01
1.786903804212808566e+01
1.795056819508075563e+01
1.780033562281131765e+01
1.780449003372192252e+01
1.796848982219696111e+01
1.817429204243421381e+01
1.864605772856473820e+01
1.901091690130233758e+01
1.940386889002323301e+01
1.945716997114420010e+01
1.935305834627151356e+01
1.940982552322149246e+01
1.946223331499099629e+01
1.942628816596269559e+01
1.926495785273313643e+01
1.950360275353193273e+01
1.978981519536971945e+01
1.980590790474414931e+01
1.955385883476734321e+01
1.960319197558164461e+01
1.933179949786662988e+01
1.915350279556512803e+01
1.907481681751012914e+01
1.905905552740097164e+01
1.885882682708501790e+01
1.880669376949071747e+01
1.904286750597953670e+01
1.937533949797153454e+01
1.932072616888284600e+01
1.914643378469943968e+01
1.910655594054460593e+01
1.927215403207540589e+01
1.909573613665103764e+01
1.897218208713531595e+01
1.861845261621475345e+01
