-5.469104280483443048e-02
-5.469104280483443048e-02
-5.469104280483443048e-02
-5.469104280483443048e-02
-5.469104280483443048e-02
-5.469104280483443048e-02
-5.469104280483443048e-02
-5.469104280483443048e-02
-5.469104280483443048e-02
-5.469104280483443048e-02
-5.469104280483443048e-02
-5.469104280483443048e-02
-5.469104280483443048e-02
-5.469104280483443048e-02
-5.469104280483443048e-02
-5.469104280483443048e-02
-5.469104280483443048e-02
-5.469104280483443048e-02
-5.469104280483443048e-02
-5.469104280483443048e-02
-5.469104280483443048e-02
-5.469104280483443048e-02
-5.469104280483443048e-02
1.139582507414370838e+00
2.080911389663815392e+00
2.939752105927467163e+00
3.986238340616226061e+00
4.997261818552017232e+00
6.360623797416686820e+00
7.607283282661438051e+00
8.935968247890471616e+00
9.577720252084732877e+00
1.100826484127044758e+01
1.188168695657253338e+01
1.260375346050262380e+01
1.382411481683850241e+01
1.502790021306276280e+01
1.537399116218686146e+01
1.608431977890730025e+01
1.655664356313049623e+01
1.743995630071759351e+01
1.806423806700110291e+01
1.886973346164226584e+01
1.972504990040659933e+01
2.047466102594733073e+01
2.112601646391749455e+01
2.186194393543600967e+01
2.256928838968872952e+01
2.355990768685341052e+01
2.478773594043850892e+01
2.591238446913957461e+01
2.703493596863150472e+01
2.782810111529827068e+01
2.832037555669545981e+01
2.880030617688894168e+01
2.921384911150932240e+01
2.965421498371362574e+01
3.023851126611232587e+01
2.971233423614501845e+01
3.043007872118949919e+01
3.047913156223297193e+01
3.142592429018020539e+01
3.172346091656685019e+01
3.235817744250297778e+01
3.302088972873687567e+01
3.404862533688545057e+01
3.468404506025314049e+01
3.529274182548522987e+01
3.610265323562622086e+01
3.702736283407211459e+01
3.742346638412475812e+01
3.764722650632858603e+01
3.824771987009048502e+01
3.884166703548431343e+01
3.983126362848281588e+01
4.023744491910934329e+01
4.017938922119140699e+01
4.079298608446121222e+01
4.172695869350433640e+01
4.258377748136520324e+01
4.329572828836440834e+01
4.307497419261932237e+01
4.402369357099533431e+01
4.566641065521240250e+01
4.685563886337280337e+01
4.714385507125854247e+01
4.734861581592559787e+01
4.851935308036804173e+01
4.894680682697295993e+01
5.001584802989959400e+01
5.146652482337951540e+01
5.178933409194946336e+01
5.151045104408264308e+01
5.168729949693679515e+01
5.221655866441726346e+01
5.220348321325779040e+01
5.356547818473577394e+01
5.460121867332458834e+01
5.543431062350273208e+01
5.544367332010268967e+01
5.619660779080390967e+01
5.744611389641761434e+01
5.881681353044509564e+01
5.898742242465019103e+01
5.886605831441879388e+01
6.002910903992653147e+01
6.120464483437537950e+01
6.100090408725738200e+01
6.262676706582308128e+01
6.321703618147373049e+01
6.338538947215080555e+01
6.495232712397574915e+01
6.585520625895262015e+01
6.685895320047140444e+01
6.767803328323364553e+01
6.881828712167740036e+01
6.996213159964084127e+01
7.100359817707538923e+01
7.204836072291135451e+01
7.323864709634780468e+01
7.448184426841736183e+01
7.482078532013893835e+01
7.559440212330818554e+01
7.635730161296129381e+01
7.672569131484031857e+01
7.795897404546737164e+01
7.908299067778587244e+01
8.013564135962724322e+01
8.036617202786207770e+01
8.029648285759687099e+01
8.167077103049754783e+01
8.274039192521571806e+01
8.482505654697418151e+01
8.524941080038547625e+01
8.406700202350616280e+01
8.568693915519713755e+01
8.788724667282104974e+01
8.814878330726622835e+01
8.794620115051269238e+01
8.790240707321167690e+01
8.798081519718169830e+01
8.813055417728423890e+01
8.841743419113159064e+01
8.878536840133666885e+01
8.911592627143859602e+01
8.959175079040527123e+01
8.989533035812378614e+01
9.031193953552245546e+01
9.064588996734619286e+01
9.097979289131164649e+01
9.123591463928222822e+01
9.147715700378418546e+01
9.169098308105468220e+01
9.186583804664611819e+01
9.280228041839599484e+01
9.172636603813171519e+01
8.963127310905456113e+01
9.010076757431029648e+01
8.782346669311523613e+01
8.766312107791900132e+01
8.725794752798080367e+01
8.732027755069732677e+01
8.661373056879043020e+01
8.856210248565673737e+01
8.856333529678583716e+01
8.907885871691703983e+01
9.103781610332727325e+01
9.280594869295359217e+01
9.431602885367870215e+01
9.537095903550385856e+01
9.607334157524108775e+01
9.702152833280563016e+01
9.614195776784420389e+01
9.745819772702455452e+01
9.627214055485725908e+01
9.723242418618201555e+01
9.692354074220656912e+01
9.749135934633017087e+01
9.697426878592968080e+01
9.732409844815731503e+01
9.672175488086938344e+01
9.665866076934337059e+01
9.702895499887466713e+01
9.679943577525615694e+01
9.637187795009613467e+01
9.590410443615913039e+01
9.593515178493261431e+01
9.565534405062199141e+01
9.546549490604400034e+01
9.504190688705443790e+01
9.508797192425727474e+01
9.497716104421616024e+01
9.487907015824318080e+01
9.495865222759246649e+01
9.542042860728501807e+01
9.673389832578897085e+01
9.751615459266901098e+01
9.810676237535476218e+01
9.847383252841234480e+01
9.972106370296478417e+01
9.978533620091677392e+01
1.003360505269050549e+02
1.023265198113441414e+02
1.032882188824653582e+02
1.038670090050697326e+02
1.044463283297419594e+02
1.030062236319303537e+02
1.018989277775526006e+02
1.028636179869413354e+02
1.035335212625265058e+02
1.014788218291282647e+02
1.023767059948921201e+02
1.013847763142824192e+02
9.910163012835980112e+01
9.736175518283843644e+01
9.529084236363172522e+01
9.550803972067832603e+01
9.509946587803364082e+01
9.514092039415835700e+01
9.460396387190819212e+01
9.438417960000037965e+01
9.464231267471313913e+01
9.640702695586681159e+01
9.716585785665512276e+01
9.651053137531280868e+01
9.624317641658782918e+01
9.602795971310138157e+01
9.771934372746945030e+01
9.780188362555503545e+01
9.973787178325653713e+01
9.943480726552009230e+01
9.984668653261661575e+01
9.801750804898739489e+01
9.633923912186622829e+01
9.807977324271202235e+01
9.667151949577331038e+01
9.669328872129916874e+01
9.499921779789924869e+01
9.602881802577972792e+01
9.922949046154022312e+01
9.989323992118835349e+01
1.006498424084186496e+02
1.009410585790157313e+02
1.026979856484889950e+02
1.037307260674953397e+02
1.049161492742776858e+02
1.030335209007024702e+02
1.021034421887397770e+02
1.022963969551563252e+02
1.033466445877075159e+02
1.039220433264255519e+02
1.038381826673984563e+02
1.042460446103095961e+02
1.056682864572525062e+02
1.048145244097709678e+02
1.033754457504272466e+02
1.044637339599371018e+02
1.018454856802463553e+02
1.029389606042385168e+02
1.027777936991691519e+02
1.039586337305069037e+02
1.038570835507392900e+02
1.042116337478637718e+02
1.043230925509929676e+02
1.066097822764396597e+02
1.065540666829347600e+02
1.075924742136716787e+02
1.080364522179603597e+02
1.086973768442630757e+02
1.082235287164688060e+02
1.090231354011535672e+02
1.094270884996414139e+02
1.092764469196319510e+02
1.098383806747436466e+02
1.105687517829895086e+02
1.107162655143737737e+02
1.110059981523513812e+02
1.105073460634231566e+02
1.115629167201995813e+02
1.121966754989624064e+02
1.126568384929657043e+02
1.125811434968948390e+02
1.127397907777786230e+02
1.124841242198944116e+02
1.103583076618194525e+02
1.083002619503021293e+02
1.074249486198425245e+02
1.072873455243825873e+02
1.063441871542930670e+02
1.054083138585567525e+02
1.035937286617279085e+02
1.031544479079723402e+02
1.045856951182365435e+02
1.031838995698451953e+02
1.033227137980461094e+02
1.042177168364286359e+02
1.032662938595533433e+02
1.044360312761783547e+02
1.040533148418426492e+02
1.047778405292510939e+02
1.049576970300674503e+02
1.051237197177887026e+02
1.054118829376220674e+02
1.052012911203384391e+02
1.052716041004180880e+02
1.048530651699066141e+02
1.044131276245117164e+02
1.042575310190200781e+02
1.041188545997619599e+02
1.048848305114746040e+02
1.047461441141128518e+02
1.048855747673034671e+02
1.049743552114486675e+02
1.051733692056655940e+02
1.049945113935470573e+02
1.050019246446609458e+02
1.048040200469970671e+02
1.044333129795074484e+02
1.058184669027328511e+02
1.061402228233337439e+02
1.058126647817611712e+02
1.043505826242923717e+02
1.025467307075500543e+02
1.013488679404497077e+02
1.005429846408605528e+02
9.725015325131415977e+01
9.638521759064197170e+01
9.263955591764450048e+01
9.234292015869617387e+01
9.296046568846702485e+01
9.349608014824390523e+01
9.310681708812712998e+01
9.416438397171496888e+01
9.464176593115330149e+01
9.435901902320385659e+01
9.296435514724254290e+01
9.321755324287414624e+01
9.342961242868899774e+01
9.247433074927330665e+01
9.186477651693820690e+01
9.303738281013966116e+01
9.412336422083377840e+01
9.534807226574420724e+01
9.708336822977065594e+01
9.835857008085250186e+01
9.723541128025054547e+01
9.590759702808857412e+01
9.536236268272399741e+01
9.596342029275893992e+01
9.625947891449928306e+01
9.543871527884006412e+01
9.625760813932419069e+01
9.815048877356052515e+01
9.936626488516330369e+01
9.919774202880859093e+01
9.912666496067046751e+01
9.986230602645873944e+01
1.020598115165710453e+02
1.025949009824752807e+02
1.017289633903503443e+02
1.007009006811141916e+02
1.014224890652656512e+02
9.940786469497680855e+01
1.004123206676483164e+02
1.009844395080566386e+02
1.014580518232345554e+02
1.021776933372497496e+02
1.023968043733596858e+02
1.036726426301956110e+02
1.056089755987167393e+02
1.080408763339996341e+02
1.109753597173690736e+02
1.131914039373397856e+02
1.133171889402389496e+02
1.143221508220672575e+02
1.158743738510131891e+02
1.154775100820779841e+02
1.149583248576641097e+02
1.142414070416927387e+02
1.141589186795234667e+02
1.149943236285686510e+02
1.149810918850898673e+02
1.137896358029365587e+02
1.140772213816165959e+02
1.123411581784248341e+02
1.107345918516159031e+02
1.080709674876213029e+02
1.074213838492393478e+02
1.066393565841674871e+02
1.072592861708879468e+02
1.081209156120061863e+02
1.080308765622854281e+02
1.086400347604751602e+02
1.089520298306703552e+02
1.077718419648647341e+02
1.082473294636487964e+02
1.091001354321003021e+02
1.088217501594781851e+02
1.082911444918870956e+02
1.067826062135696361e+02
1.062615879651069690e+02
1.064995173934459700e+02
1.078643701459884596e+02
1.097638298183441208e+02
1.092694714502811451e+02
1.100336944139242235e+02
1.092930026768684399e+02
1.105902623949527737e+02
1.132992650389671354e+02
1.135665704368591378e+02
1.124695737395525015e+02
1.100505840633392296e+02
1.103644687160253568e+02
1.119395594557762195e+02
1.116767971855163637e+02
1.123067434730052980e+02
1.123168338169574696e+02
1.143810623821258474e+02
1.152392415710449285e+02
1.174734027610778782e+02
1.166627770977020333e+02
1.160392527671813951e+02
1.159405174531936638e+02
1.151057240449905379e+02
1.149639331317901565e+02
1.145562138797759957e+02
1.143831533977508599e+02
1.126467449237823502e+02
1.127561770603179951e+02
1.125958301128387404e+02
1.126351485488891626e+02
1.111268863494873074e+02
1.097369661884307845e+02
1.039936208602189964e+02
1.027190826136827440e+02
1.005585141238212543e+02
9.897042476658820931e+01
9.746003853764534597e+01
9.929236159548759133e+01
1.012714842128753645e+02
1.022658472913265228e+02
1.002301608907699517e+02
1.006156162111759187e+02
1.019718766303300868e+02
1.018329092201232839e+02
1.034553609656810806e+02
1.039233765277624144e+02
1.038424923836708018e+02
1.057274709079742365e+02
1.058644694610595707e+02
1.048545100011587152e+02
1.043148426991462685e+02
1.038451625901222286e+02
1.015511189964294374e+02
1.020796959486007722e+02
1.022726365161895785e+02
1.038125916337728540e+02
1.047800074022293160e+02
1.054713773286581073e+02
1.049317355603456434e+02
1.045796816099166904e+02
1.050583489121437140e+02
1.024462288052558847e+02
1.009656891057968124e+02
1.020079066838264481e+02
1.020044677280425987e+02
1.018576828847885167e+02
1.026525380880355840e+02
1.041815815305709805e+02
1.052241824235916141e+02
1.058897114215850763e+02
1.023292376850128136e+02
1.026797282125473032e+02
1.026388745791435184e+02
1.020980876264572146e+02
1.015426340808868417e+02
1.018510516195297271e+02
1.022300873821258591e+02
1.039249379013061514e+02
1.042208624011993408e+02
1.047796820764541650e+02
1.051038285842418674e+02
1.053717502474069647e+02
1.049890633200645453e+02
1.046223842045783954e+02
1.053136863144874553e+02
1.052817929872512792e+02
1.044421653444051685e+02
1.049475021747589096e+02
1.059186744050979598e+02
1.046648733078002920e+02
1.055896216083526582e+02
1.068681437602996880e+02
1.067459384914398157e+02
1.066979066875457818e+02
1.056345731315612824e+02
1.032453786918640191e+02
1.035212537858963060e+02
1.022818858066558789e+02
1.008886913146972688e+02
1.000202859975814818e+02
1.003695008674621647e+02
1.008030537668228135e+02
1.011335276973724433e+02
9.989803916625976399e+01
9.990850711536407402e+01
1.006351958318710302e+02
1.024187678916931219e+02
1.018026167683601386e+02
1.037691759772777544e+02
1.023941889852523843e+02
1.022797398506402970e+02
1.025713395898819016e+02
1.014125021015167221e+02
1.024516546840667672e+02
1.030379358819961482e+02
1.037024093555450435e+02
1.031999190172195426e+02
1.035104274469375554e+02
1.040973169347763019e+02
1.038392191326141329e+02
1.056113269111633315e+02
1.071074953992843604e+02
1.071920450195312497e+02
1.069203181808471612e+02
1.072639201206207247e+02
1.064559651809692440e+02
1.066173663105010974e+02
1.065136408676147397e+02
1.070557257995605482e+02
1.063057646057128949e+02
1.056476945419311591e+02
1.063844195274352984e+02
1.065223271713256850e+02
1.065015086322784441e+02
1.056940690174102713e+02
1.051139590129852337e+02
1.006361766744613675e+02
9.887570062773227164e+01
9.568959021935462772e+01
9.368911426942348442e+01
9.134501154661178646e+01
9.046918451294898489e+01
9.269719863748549926e+01
9.359331369514465848e+01
9.362285903215408212e+01
9.307102655551433656e+01
9.370302815284729547e+01
9.332468822455406610e+01
9.342210458812714080e+01
9.497547009091377390e+01
9.446971223216057467e+01
9.532446030826568517e+01
9.616817184829712062e+01
9.759084562416076380e+01
9.900722546997070594e+01
9.944284702415465915e+01
9.959821865539551311e+01
9.808439481015204819e+01
9.935628674106597202e+01
9.862555291500090959e+01
9.774691541042328424e+01
9.670280446486472670e+01
9.706680722613334922e+01
9.785969015688895922e+01
9.716885062036514853e+01
9.911373783113955938e+01
9.969903687572478646e+01
9.988801504268646170e+01
9.909735759751796991e+01
9.877975504000187357e+01
9.919018596394062115e+01
9.856712141103744784e+01
9.894391014375686666e+01
9.873774270935058439e+01
9.753648805475235406e+01
9.771168356838226998e+01
9.891851067893504990e+01
9.914303221790790133e+01
9.767316361944675407e+01
9.851248052287101586e+01
9.901682401964664848e+01
9.897656479265690166e+01
9.933709119768143125e+01
9.735514645473956818e+01
9.589472627773284330e+01
9.511732958698272000e+01
9.494279893884659316e+01
9.320230821208953387e+01
9.410050236186981465e+01
9.567509333972931529e+01
9.587105537087917639e+01
9.558626536207198399e+01
9.646402774031162153e+01
9.703287941141128670e+01
9.749935736618041915e+01
9.782475423512458690e+01
9.706704517514705799e+01
9.939560548670291951e+01
9.970118544356823520e+01
9.981204153549671787e+01
9.823114635677337958e+01
9.926055693585873030e+01
9.977956407434940900e+01
9.927423227286338658e+01
1.008663787794589979e+02
1.016625784346818904e+02
1.028958926595926329e+02
1.037636444959163668e+02
1.012199664420127903e+02
1.024156281393051131e+02
1.026198297903060848e+02
1.024424808085680070e+02
1.017821468936920155e+02
1.025846244423627809e+02
1.025937285923004083e+02
1.012418546877861019e+02
1.008938854601383213e+02
1.008392205169677709e+02
9.875615147953033102e+01
9.757984349479674790e+01
9.606330901508331976e+01
9.464383096594809786e+01
9.422894170377254852e+01
9.410369366071223851e+01
9.402106974930762817e+01
9.584701597497463865e+01
9.563826252610682843e+01
9.649251548514365595e+01
9.956806501491070094e+01
1.007280914434909818e+02
1.017519183740615887e+02
1.019744347515106142e+02
1.024743907202243776e+02
1.025030255507469121e+02
1.023362606441736204e+02
1.032181561213493382e+02
1.018984106296062464e+02
1.025901348417282151e+02
1.029336512216568025e+02
1.028596904594898263e+02
9.983025238709450377e+01
1.012883508897066065e+02
1.012646332062721228e+02
1.015689968763828261e+02
1.011836222395420037e+02
1.004577533551693023e+02
1.023126069663047844e+02
1.037473754387617078e+02
1.036001172219753244e+02
1.022253399185657514e+02
1.030791304661750729e+02
1.027538518843412447e+02
1.026313438417434725e+02
1.023064695940017685e+02
1.014166071536302525e+02
1.014372521981716204e+02
1.015563161105632730e+02
1.011210035144329140e+02
1.011579292904376928e+02
1.009351874453067808e+02
9.905446544938087072e+01
9.883602014870643870e+01
9.959777509384154826e+01
9.943471906328201726e+01
9.977297607946395885e+01
9.924330048403740534e+01
9.857521116361617430e+01
9.830508524909019741e+01
9.878133586649894937e+01
9.997095008239746505e+01
9.785077734379768799e+01
9.799930819239615687e+01
9.743607361202239758e+01
9.515432770404815699e+01
9.617354487586021605e+01
9.718297471599578330e+01
9.745056775720119902e+01
9.644260052678585282e+01
9.582380346703529028e+01
9.438810720839499879e+01
9.417657701094150013e+01
9.527142989585399846e+01
9.586202452268599927e+01
9.543163601412773289e+01
9.663200081441402745e+01
9.740393825905323411e+01
9.803294075953959918e+01
9.748465115890502375e+01
9.717866180326939229e+01
9.785619544692039540e+01
9.788932214825153721e+01
1.002360112227916744e+02
1.005657381097555145e+02
1.002376136371612603e+02
1.018952217452526128e+02
1.027585630481243157e+02
1.019678983170986157e+02
1.036284347637653411e+02
1.054309446629524274e+02
1.050509222661495272e+02
1.064987424825429940e+02
1.094666606775760584e+02
1.091491791709899957e+02
1.107504212750434931e+02
1.108932816222190922e+02
1.109126517430067054e+02
1.114375962053775737e+02
1.118083227958917547e+02
1.120365349071979466e+02
1.111185919193267893e+02
1.108562345014810546e+02
1.102015362659454354e+02
1.089792441536426537e+02
1.066049567889452021e+02
1.071398720457315505e+02
1.080353980685949296e+02
1.105449437902927343e+02
1.101575300493001919e+02
1.094629913181304914e+02
1.084930616820096958e+02
1.097342357778549200e+02
1.111385934334516463e+02
1.121327132672071514e+02
1.131387485503673531e+02
1.140744913464069299e+02
1.159682010329246538e+02
1.172359305186271712e+02
1.176421391399383509e+02
1.181579770000457756e+02
1.167015966108322118e+02
1.148367783420562773e+02
1.145358386760711653e+02
1.131666201863288848e+02
1.126275697801589928e+02
1.133241945325851390e+02
1.142896032638549855e+02
1.148152573716163687e+02
1.151944046944618236e+02
1.151079484340667705e+02
1.150004366888046263e+02
1.143075392667770416e+02
1.137364146143913217e+02
1.134893792331695579e+02
1.131878547208786046e+02
1.133577119554519612e+02
1.132001418645858735e+02
1.131245369945526136e+02
1.141993696002960235e+02
1.126981585800170933e+02
1.134338685581207216e+02
1.115759845687866232e+02
1.116312216566085880e+02
1.120758805038452124e+02
1.126136554786682069e+02
1.131351983825683618e+02
1.119978861820220999e+02
1.097038910364151008e+02
1.087438054328918469e+02
1.081779395270347663e+02
1.087908314412116937e+02
1.038616195802450193e+02
1.036603978811979232e+02
1.019863393993616114e+02
1.011644619346141809e+02
9.682585044593811574e+01
9.482891492471695472e+01
9.586546407060623665e+01
9.728681031632423526e+01
9.679205767338275734e+01
9.637645318088532065e+01
9.731446595706940172e+01
9.754986004045009906e+01
9.765350673336982368e+01
9.733827658748626277e+01
9.723957221307755105e+01
9.552228721845149551e+01
9.495256434860229433e+01
9.432907605490684944e+01
9.399073965082168058e+01
9.459945829460620814e+01
9.534476517987251043e+01
9.514843863296508175e+01
9.507620007734298895e+01
9.583377970781326383e+01
9.671385966048241301e+01
9.709387377004622977e+01
9.649391908082962743e+01
9.606967160930634009e+01
9.582037024021148852e+01
9.651660967979431405e+01
9.666624579019546104e+01
9.611212785758972643e+01
9.723016317782402496e+01
9.946617316420078225e+01
9.968540966000557546e+01
9.931415134809017786e+01
9.973829907994270627e+01
9.991786846437453562e+01
1.015170806986331939e+02
1.036437170356273612e+02
1.032557159484386489e+02
1.019641611322879839e+02
1.023442609063148439e+02
1.032123643431663567e+02
1.029575334657669003e+02
1.015782332363128688e+02
1.011019599170684842e+02
1.038058348610401112e+02
1.026678052864074715e+02
1.037933099282264777e+02
1.036915597597598975e+02
1.033675494770526910e+02
1.015004229405403180e+02
1.012925369161128941e+02
1.023928913282394433e+02
1.025736126433372561e+02
1.023541099514484358e+02
1.031983345045566551e+02
1.039677268329620432e+02
1.038927971279621119e+02
1.043811131828308163e+02
1.061370074155330627e+02
1.069062753787040663e+02
1.063901572845458929e+02
1.086829482979774468e+02
1.103195516604423574e+02
1.109206275664806327e+02
1.118013098367214155e+02
1.124080619154453302e+02
1.119412326521873524e+02
1.126002622497558576e+02
1.126333758890151984e+02
1.132639056713104253e+02
1.134836567832946770e+02
1.133004560554504394e+02
1.143599445606231626e+02
1.154737082134246862e+02
1.156876198627471979e+02
1.160431147556304978e+02
1.183430332780837944e+02
1.211773620941162051e+02
1.225604151931762686e+02
1.228159185752868723e+02
1.242006120208740185e+02
1.236157946706771895e+02
1.220421503579139682e+02
1.209040858923435167e+02
1.208149464373588557e+02
1.215715310956478135e+02
1.198985090056419409e+02
1.184773167490005505e+02
1.176504788934230845e+02
1.180398910963058512e+02
1.185440832405090390e+02
1.149363748029708887e+02
1.143183211920261328e+02
1.128054847902297979e+02
1.136999530174016968e+02
1.115851294503688820e+02
1.118923826382160200e+02
1.092196606584548988e+02
1.098953808494806310e+02
1.105304311990261112e+02
1.119686511061191538e+02
1.134225739649772606e+02
1.147378705793380789e+02
1.151474941926002487e+02
1.161922257440328536e+02
1.172324976439714419e+02
1.177939803532600394e+02
1.181982943887710604e+02
1.190916436403274474e+02
1.188693593856811503e+02
1.171672011250495871e+02
1.175641064612388647e+02
1.206950081638336201e+02
1.212757689237594576e+02
1.221271661581039467e+02
1.230559247200012152e+02
1.230646754702568018e+02
1.201592350090503629e+02
1.204013284272193971e+02
1.195969300791740437e+02
1.200052419616699240e+02
1.215736266454696590e+02
1.220097443207502295e+02
1.224629476668357881e+02
1.236814388976097092e+02
1.247234847230434411e+02
1.242218095695734092e+02
1.243782066713571481e+02
1.248768256736755404e+02
1.259622257933616680e+02
1.260416507595062257e+02
1.254461588200092308e+02
1.257472368425607669e+02
1.258501001985549976e+02
1.244403081156730622e+02
1.230933642612457248e+02
1.227262014772415171e+02
1.228159007043361726e+02
1.222316033154487656e+02
1.221252668427467398e+02
1.213500409320831324e+02
1.207510621113538747e+02
1.215452102550744939e+02
1.214055078575611049e+02
1.219948440495967930e+02
1.217732664455890585e+02
1.242916098081588814e+02
1.227267450844764767e+02
1.234219207671165464e+02
1.251994238691806771e+02
1.243034052165031369e+02
1.236526764764785753e+02
1.234264548716783594e+02
1.236531981998443541e+02
1.248118435765504870e+02
1.250686815965175640e+02
1.266792229807376913e+02
1.260960799575805709e+02
1.250148797668457092e+02
1.253789092016696998e+02
1.266199639487266495e+02
1.261756703388452507e+02
1.276026607690811119e+02
1.287416230683803633e+02
1.271747493284702273e+02
1.268062089028835260e+02
1.263683360759735166e+02
1.257310891954421948e+02
1.263041915278434715e+02
1.260028070661544746e+02
1.258515422339439453e+02
1.252446200778961156e+02
1.239710944972038220e+02
1.236661186254978162e+02
1.240467889911651582e+02
1.234745175261497536e+02
1.220768732912063541e+02
1.224787645548820478e+02
1.225988758374214171e+02
1.224950949848174986e+02
1.226334880559921316e+02
1.244381651289939867e+02
1.267074348007202218e+02
1.267882771971702596e+02
1.273645849338531519e+02
1.279564311104297616e+02
1.270880565416336054e+02
1.256606789768218988e+02
1.238217860062599129e+02
1.252154739147186291e+02
1.297223570137023785e+02
1.318639114988803840e+02
1.333692089270591623e+02
1.334014050306320200e+02
1.334651370351314483e+02
1.321489193500518695e+02
1.326578314779281698e+02
1.307314839611053401e+02
1.295529796653747496e+02
1.289410480686187839e+02
1.250830039543151884e+02
1.256754047547340463e+02
1.256521753911972041e+02
1.263542895805358910e+02
1.253740441009521476e+02
1.243028224173545908e+02
1.223096516876220647e+02
1.238805783236026770e+02
1.236623779791831907e+02
1.241771933421134975e+02
1.225969196991920427e+02
1.226816158377647383e+02
1.207285160120725607e+02
1.187284201350450559e+02
1.180331368103742591e+02
1.175230528916597308e+02
1.177144697774648705e+02
1.182105127372503262e+02
1.167061609426736766e+02
1.141947458353996296e+02
1.133528455286502776e+02
1.118093458253860462e+02
1.108363027103424088e+02
1.092847760505199375e+02
1.095872784325599696e+02
1.100284593904495267e+02
1.098483935736656179e+02
1.085675054232597319e+02
1.089838642055988345e+02
1.094966893243551311e+02
1.100138154573202200e+02
1.126204932830810606e+02
1.139298592229843194e+02
1.148585198623657249e+02
1.153196316005706734e+02
1.154184241923332195e+02
