-2.797738614319590922e-01
-2.797738614319590922e-01
-2.797738614319590922e-01
-2.797738614319590922e-01
-2.797738614319590922e-01
-2.797738614319590922e-01
-2.797738614319590922e-01
-2.797738614319590922e-01
-2.797738614319590922e-01
-2.797738614319590922e-01
-2.797738614319590922e-01
-2.797738614319590922e-01
-2.797738614319590922e-01
-2.797738614319590922e-01
-2.797738614319590922e-01
-2.797738614319590922e-01
-2.797738614319590922e-01
-2.797738614319590922e-01
-2.797738614319590922e-01
-2.797738614319590922e-01
-2.797738614319590922e-01
-2.797738614319590922e-01
-2.797738614319590922e-01
-2.797738614319590922e-01
-2.797738614319590922e-01
-2.797738614319590922e-01
-2.797738614319590922e-01
-2.797738614319590922e-01
-2.797738614319590922e-01
-2.797738614319590922e-01
-2.797738614319590922e-01
-2.797738614319590922e-01
-2.797738614319590922e-01
-2.797738614319590922e-01
-2.797738614319590922e-01
-2.797738614319590922e-01
-2.797738614319590922e-01
-2.797738614319590922e-01
-2.797738614319590922e-01
-2.797738614319590922e-01
-2.797738614319590922e-01
-2.797738614319590922e-01
-2.797738614319590922e-01
-2.797738614319590922e-01
-2.797738614319590922e-01
-2.797738614319590922e-01
-2.797738614319590922e-01
-2.797738614319590922e-01
-2.797738614319590922e-01
-2.797738614319590922e-01
-2.797738614319590922e-01
-2.797738614319590922e-01
-2.797738614319590922e-01
-2.797738614319590922e-01
-2.797738614319590922e-01
-2.797738614319590922e-01
-2.797738614319590922e-01
-2.797738614319590922e-01
-2.797738614319590922e-01
-2.797738614319590922e-01
-2.797738614319590922e-01
-2.797738614319590922e-01
-2.797738614319590922e-01
-2.797738614319590922e-01
-2.797738614319590922e-01
-2.797738614319590922e-01
-2.797738614319590922e-01
-2.797738614319590922e-01
-2.797738614319590922e-01
-2.797738614319590922e-01
-2.797738614319590922e-01
-2.797738614319590922e-01
-2.797738614319590922e-01
-2.797738614319590922e-01
-2.797738614319590922e-01
-2.797738614319590922e-01
-2.797738614319590922e-01
-2.797738614319590922e-01
-2.797738614319590922e-01
-2.797738614319590922e-01
-2.797738614319590922e-01
-2.797738614319590922e-01
-2.797738614319590922e-01
-2.797738614319590922e-01
-2.797738614319590922e-01
-2.797738614319590922e-01
-2.797738614319590922e-01
-2.797738614319590922e-01
-2.797738614319590922e-01
-2.797738614319590922e-01
-2.797738614319590922e-01
-2.797738614319590922e-01
-2.494725737652508657e-01
-1.268125059989280989e-01
2.495204405952244908e-02
1.459500823445618045e-01
2.644951583884656565e-01
4.131541773311793730e-01
5.373746670573950057e-01
6.616555127456784646e-01
7.914253906249999471e-01
9.283441150933504638e-01
1.053377579143643272e+00
1.207066718509793191e+00
1.384370609641075056e+00
1.546921155178546892e+00
1.702067957621812733e+00
1.842110293209552774e+00
2.063639133036136553e+00
2.222665421783923900e+00
2.437209065449237766e+00
2.630019030666351121e+00
2.844723093545436843e+00
3.113715082240104515e+00
3.273413244438171166e+00
3.441732741427421693e+00
3.547865774488449198e+00
3.685162795245647605e+00
3.909315572714805676e+00
4.080520467758178782e+00
4.215902907371520847e+00
4.433813863945007760e+00
4.648918471121787910e+00
4.767360298347472991e+00
5.033220842504501746e+00
5.199253879380226095e+00
5.436334586668014168e+00
5.694748923635482463e+00
5.949537366962433182e+00
6.280563483452796802e+00
6.559457646751403637e+00
6.688615899372100770e+00
6.862286133599281079e+00
7.101211791253089878e+00
7.368483157539367667e+00
7.633978177022934020e+00
7.868700429534912111e+00
8.191228143405913542e+00
8.544227892160416005e+00
8.897027275872231300e+00
9.259354520940780375e+00
9.582613349008560988e+00
9.897142571163177749e+00
1.026433689336776744e+01
1.062691626176834170e+01
1.101448036031723099e+01
1.128771608963012696e+01
1.162565659914016791e+01
1.183268921594619805e+01
1.214772563409805350e+01
1.236671457066536028e+01
1.258186258115768474e+01
1.283139276080131452e+01
1.300872996811866678e+01
1.316157873172759984e+01
1.333518505010604827e+01
1.371547070393562251e+01
1.409046240482330248e+01
1.456715893888473445e+01
1.521513490886688302e+01
1.535929983863830550e+01
1.517769056553840556e+01
1.540807577443122867e+01
1.545378826794624416e+01
1.554148949422836345e+01
1.558330427246093741e+01
1.555425163073539707e+01
1.539007842035293550e+01
1.524853136048317026e+01
1.516770913920402464e+01
1.496787054204940759e+01
1.476380639071464529e+01
1.491296580905914304e+01
1.508122640991210872e+01
1.518520176086425799e+01
1.541469397263526986e+01
1.513762296981811595e+01
1.522123190851211483e+01
1.555370675911903433e+01
1.560539480175972038e+01
1.572256550903320260e+01
1.594191956534385746e+01
1.616651679658889762e+01
1.637833560090065177e+01
1.657350992465019246e+01
1.640869957199096518e+01
1.623938989343643158e+01
1.628846956834793147e+01
1.597166072926521352e+01
1.579087312664985632e+01
1.568571758341789213e+01
1.560892263054847717e+01
1.554463415908813495e+01
1.540988489112853976e+01
1.513163380646705569e+01
1.510252209782600374e+01
1.526259431276321443e+01
1.535016187164783474e+01
1.550281129546165459e+01
1.579369219033718075e+01
1.570889826080799168e+01
1.574218135411739361e+01
1.571827913107872021e+01
1.564497511165142107e+01
1.564543583381176006e+01
1.550971542344093379e+01
1.534803741779327346e+01
1.544766158146858182e+01
1.552233162798881594e+01
1.564904311561584471e+01
1.551989037413597039e+01
1.523933384668826996e+01
1.495613022866249153e+01
1.466422430069446570e+01
1.479508572585582726e+01
1.460973824927806852e+01
1.458964950497150426e+01
1.446664202539920829e+01
1.452328707133531616e+01
1.454178090748786900e+01
1.448432071089744611e+01
1.427831522352695437e+01
1.410867337155342049e+01
1.377849898381233196e+01
1.339445039124488801e+01
1.298193799829483019e+01
1.302275974498987132e+01
1.295793836228847518e+01
1.281027255004644338e+01
1.287459572178125455e+01
1.283301310470104184e+01
1.304419992507100190e+01
1.319027531702518452e+01
1.320283909360766472e+01
1.322291908220648793e+01
1.331370158036947338e+01
1.317627287163138305e+01
1.348065395707488001e+01
1.361665477527976087e+01
1.392861501954793901e+01
1.423521471250057147e+01
1.470263018677234612e+01
1.514330764601230683e+01
1.545553045852184226e+01
1.587370684390068121e+01
1.644414378695487855e+01
1.697099732012748774e+01
1.776790760912895095e+01
1.835812562084198163e+01
1.889717690167427122e+01
1.917351607055664076e+01
1.937873345260620184e+01
1.979284935972690462e+01
2.003768393793106029e+01
2.017941863241195577e+01
2.073851663455963035e+01
2.111419053349494845e+01
2.159808625705242235e+01
2.178999470651149650e+01
2.245259336385726812e+01
2.266017855005264181e+01
2.326627880856990771e+01
2.358752701773643423e+01
2.405836690075397399e+01
2.440160278310775865e+01
2.492638282794952431e+01
2.538498732447624207e+01
2.546996601417064809e+01
2.556761372697353352e+01
2.606945866214633156e+01
2.636671497144699217e+01
2.679419258094430134e+01
2.720321504522561895e+01
2.760395146288871615e+01
2.839333390045166183e+01
2.871682224950790285e+01
2.886312349356412810e+01
2.951842980060577304e+01
2.946148719257712401e+01
2.974938808157444114e+01
3.042921879618167935e+01
3.085873356549739910e+01
3.158440916531085918e+01
3.187847855050563695e+01
3.216140982664823866e+01
3.236783128224015371e+01
3.259792691267728770e+01
3.292012979269027539e+01
3.360788816995620465e+01
3.381475141661167072e+01
3.418627439668774315e+01
3.508142711522579305e+01
3.545186373176574790e+01
3.576266998403072250e+01
3.643769400086402754e+01
3.674111144143343211e+01
3.741000327740907494e+01
3.807866825103759822e+01
3.892709792227744714e+01
3.939362872972488105e+01
3.977851665706634776e+01
4.034496041965484636e+01
4.101908353958129538e+01
4.168390597381591789e+01
4.228869782304763447e+01
4.255655847444534601e+01
4.326210617198944419e+01
4.358291032657623276e+01
4.392046718349456569e+01
4.416652251024246567e+01
4.435674809932708484e+01
4.459468625984192158e+01
4.502373468799591194e+01
4.546066735897063893e+01
4.576727597713470175e+01
4.618649058704376387e+01
4.659483530063629075e+01
4.713924678936004398e+01
4.756053524856567094e+01
4.810610866594314672e+01
4.844564026508331267e+01
4.875909661159515451e+01
4.926789358711242528e+01
4.981537079739570828e+01
5.034388981685638242e+01
5.070051822977065825e+01
5.143076863346099969e+01
5.180982651333808775e+01
5.205934743194580250e+01
5.237701506409644736e+01
5.273188390846252105e+01
5.285300277669429647e+01
5.325977480866909275e+01
5.372570881906747786e+01
5.418272315235137881e+01
5.463197567310333369e+01
5.500465003087520444e+01
5.505036553379297004e+01
5.549631478677988383e+01
5.575114616196751882e+01
5.647520428653359659e+01
5.676306345100402950e+01
5.706563907487988274e+01
5.728460118496418119e+01
5.771536882076263453e+01
5.821165849266647996e+01
5.842396685465574535e+01
5.872731826775073927e+01
5.882127799199223261e+01
5.861367371983528329e+01
5.870769326705932656e+01
5.883477503855228719e+01
5.899331409701704843e+01
5.940268266139030118e+01
5.925695902836322659e+01
5.960969733858108555e+01
5.979784911096096067e+01
5.977408923304081156e+01
6.022550790022015832e+01
6.000997718534469527e+01
6.051207202394008533e+01
6.073173203773498585e+01
6.113339140226840840e+01
6.126762238231301438e+01
6.166151983370780698e+01
6.171097180671095828e+01
6.209041206383108857e+01
6.208815844081640023e+01
6.234307569850682995e+01
6.246273968926668374e+01
6.252559261121749756e+01
6.183303276813030180e+01
6.161431538317203405e+01
6.193384774047136432e+01
6.219677906494140274e+01
6.258933052208423931e+01
6.305774616222381468e+01
6.314154794188142006e+01
6.312976427064538143e+01
6.343680727772712657e+01
6.383339792550802372e+01
6.406527074611186379e+01
6.429522898232936257e+01
6.442347125624418425e+01
6.528560328073501751e+01
6.551591985028386489e+01
6.541932419342994365e+01
6.580683941971064144e+01
6.632652021785378338e+01
6.697557373638153422e+01
6.715672297043799688e+01
6.772602385053635032e+01
6.765204750565290226e+01
6.804936319046019833e+01
6.786522268466949015e+01
6.764503217735290264e+01
6.802289441523551261e+01
6.776907254409789516e+01
6.785056573171615923e+01
6.843437889623642434e+01
6.788855922107696017e+01
6.809129006504416282e+01
6.838757229036092156e+01
6.865321122469902093e+01
6.884741527900695246e+01
6.896233225760460073e+01
6.908050543522834630e+01
6.919287377667427563e+01
6.942776391878128095e+01
6.949478550200461768e+01
6.968163543901442836e+01
6.993198638200759376e+01
6.988151346158981880e+01
7.012729577903748179e+01
7.073131601772308841e+01
7.065050596837997432e+01
7.074786998453140541e+01
7.054916815438271271e+01
7.067836832547187953e+01
7.061922452466487243e+01
7.054835122630596800e+01
7.047633594598769946e+01
7.015253050500155041e+01
7.003165113265514208e+01
6.979158774785994979e+01
6.958102248617410623e+01
6.933090255997180407e+01
6.968255239579677607e+01
6.933946011764406592e+01
6.921261146044135160e+01
6.912917454963923092e+01
6.901410952804089050e+01
6.924770271406173094e+01
6.894033103985786681e+01
6.878339628348351198e+01
6.902681218657492934e+01
6.944484913139342552e+01
6.947589685946702787e+01
6.874780114184618185e+01
6.886729384012222965e+01
6.969882236399651276e+01
6.906509318678378406e+01
6.923494254052639008e+01
6.916302223434448138e+01
6.970108056168555777e+01
6.968989765110015355e+01
6.982483212561606933e+01
6.962074307670593498e+01
6.962518787460327019e+01
6.968844407119750883e+01
6.920828361701966003e+01
6.908872373580932447e+01
6.966921020412445387e+01
7.058378034467696693e+01
7.010095549812317017e+01
7.055808676624297959e+01
7.088352133197784610e+01
7.127680066890717114e+01
7.158692802734374538e+01
7.183803821811676471e+01
7.199712357616424185e+01
7.234107104167938473e+01
7.265963563747405374e+01
7.241747452306746879e+01
7.306991136541365961e+01
7.315599298515320470e+01
7.288722399291992815e+01
7.354603760299683302e+01
7.392193070888519912e+01
7.461490564136505554e+01
7.451721469612121496e+01
7.512019964199066635e+01
7.515023753108978610e+01
7.490359481029510391e+01
7.495118782501221233e+01
7.484861920242309452e+01
7.404613359279632334e+01
7.430471897144317950e+01
7.387649879283904397e+01
7.401551325664520675e+01
7.430963368701934257e+01
7.384585540447234564e+01
7.348216989288330581e+01
7.337567139568328400e+01
7.336745908765793445e+01
7.387129161787032672e+01
7.384734383020401083e+01
7.394117754163741552e+01
7.366840816917419943e+01
7.373576132678985573e+01
7.400943942890167193e+01
7.477817940731048907e+01
7.485884690599441171e+01
7.538004111404418950e+01
7.599409888353348208e+01
7.633954222640991816e+01
7.679597305870056800e+01
7.724668534336089465e+01
7.778127253332138480e+01
7.810901457576751739e+01
7.835750003814696640e+01
7.857483897857666477e+01
7.907893430004119750e+01
7.856915956230163545e+01
7.761614725856780694e+01
7.800527760276794709e+01
7.833419793872833736e+01
7.892854416675567109e+01
7.852127405967712548e+01
7.881531355628966651e+01
7.859286785678862941e+01
7.930787258744240376e+01
7.872564977807998332e+01
7.910479727492332813e+01
7.900546181564331505e+01
7.935553178138732733e+01
7.924181088389158845e+01
7.945235125197172010e+01
7.969675062986611636e+01
7.988915332883595966e+01
7.986694150866270547e+01
8.022476513861417402e+01
8.041121657906771247e+01
8.028139515223503508e+01
8.006322820112704619e+01
8.046659702265262126e+01
8.019457108359337383e+01
8.010520751284360585e+01
7.998748159675598401e+01
7.976807461358308160e+01
8.008001374084949475e+01
8.006939024196863386e+01
8.017891712287664063e+01
8.070341812077761290e+01
8.102976742324828763e+01
8.073739340977668633e+01
8.148080723333359288e+01
8.162004443449974644e+01
8.133159878001212917e+01
8.188320958263874161e+01
8.284746319632530742e+01
8.368910869112015405e+01
8.404180497593880261e+01
8.288789225120544302e+01
8.205961309664249370e+01
8.232828555877208032e+01
8.214310386942625541e+01
8.255735230123997326e+01
8.347425629808903125e+01
8.428827461233139218e+01
8.555379127684831531e+01
8.654835818452835383e+01
8.790821704902649003e+01
8.816176232171058302e+01
8.986159974679947027e+01
9.113501933640242214e+01
9.271382090187073288e+01
9.306296935977935902e+01
9.415657010135650751e+01
9.578344233937264107e+01
9.627258431549071815e+01
9.711333431282044160e+01
9.759106441555023537e+01
9.809590957517623622e+01
9.934015830669403613e+01
1.004103045986175573e+02
1.011015302322387726e+02
1.018693736746787977e+02
1.029301420662879991e+02
1.032989969826698342e+02
1.028486822035789459e+02
1.033626875257492088e+02
1.037288418603897071e+02
1.023276641195297287e+02
1.020388495050430322e+02
1.022882432865142874e+02
1.027299970920562799e+02
1.029646786540985062e+02
1.028298812561035191e+02
1.032018516460418738e+02
1.039944167713165228e+02
1.034540584930419982e+02
1.022345023159027164e+02
1.005435839862823428e+02
9.945118807201384925e+01
9.990051678581237127e+01
9.994286084289551297e+01
9.972343536415100118e+01
9.993916808700561205e+01
9.936873600387573902e+01
9.840154007587432261e+01
9.841500358295441231e+01
9.831320133514404347e+01
9.768327503108977794e+01
9.777841724567413451e+01
9.655310442714690566e+01
9.599874719676971324e+01
9.475069320430755226e+01
9.393042408475875504e+01
9.414330483160019014e+01
9.447797221326827355e+01
9.560569740371704484e+01
9.501600127143859709e+01
9.467917675380707010e+01
9.389121321315765556e+01
9.487628416252135821e+01
9.404273471412658125e+01
9.439751359949111986e+01
9.404588431797027681e+01
9.348973555202483965e+01
9.407487464189529192e+01
9.446721173429489227e+01
9.495613334360122337e+01
9.485845314350127921e+01
9.587855017566680260e+01
9.527012064914703160e+01
9.476970158410072997e+01
9.471204436902999646e+01
9.477480193328857183e+01
9.523625042657852191e+01
9.516134827272891528e+01
9.618276703829765495e+01
9.668425346212387694e+01
9.631670305272341182e+01
9.606625757341384997e+01
9.646907321169376814e+01
9.734687656795978228e+01
9.669937264919281006e+01
9.690395736863612797e+01
9.790053757548332669e+01
9.882303409805297179e+01
9.883881086573600783e+01
9.827110075216293694e+01
9.857087889406680858e+01
1.000361733302235621e+02
1.014880335034370376e+02
1.017921831392288254e+02
1.022792607091426902e+02
1.033484962138652747e+02
1.043361691804885822e+02
1.046826736651778162e+02
1.061206005844116191e+02
1.073408946218371369e+02
1.077209680654287354e+02
1.090991501529693579e+02
1.100999758472442664e+02
1.112693704551696783e+02
1.120247156370162998e+02
1.129418181748390140e+02
1.136050789590835564e+02
