4.315772062404779619e-01
4.315772062404779619e-01
4.315772062404779619e-01
4.315772062404779619e-01
4.315772062404779619e-01
4.315772062404779619e-01
4.315772062404779619e-01
4.315772062404779619e-01
4.315772062404779619e-01
4.315772062404779619e-01
4.315772062404779619e-01
4.315772062404779619e-01
4.315772062404779619e-01
4.315772062404779619e-01
4.315772062404779619e-01
4.315772062404779619e-01
4.315772062404779619e-01
4.315772062404779619e-01
4.315772062404779619e-01
4.315772062404779619e-01
4.315772062404779619e-01
4.315772062404779619e-01
4.315772062404779619e-01
4.315772062404779619e-01
4.315772062404779619e-01
4.315772062404779619e-01
4.315772062404779619e-01
4.315772062404779619e-01
4.315772062404779619e-01
4.315772062404779619e-01
4.315772062404779619e-01
4.315772062404779619e-01
4.315772062404779619e-01
4.315772062404779619e-01
4.315772062404779619e-01
4.315772062404779619e-01
4.315772062404779619e-01
4.315772062404779619e-01
4.315772062404779619e-01
1.538891660209000145e+00
1.395053273966908369e+00
1.403608019417524444e+00
2.432387842929363053e+00
2.990085716366767787e+00
2.662159243583679391e+00
2.379760013210773462e+00
2.503034541296958793e+00
3.697565518760681069e+00
3.654567490863799950e+00
3.651288966989516993e+00
3.683873969078063748e+00
3.984278811597824266e+00
4.932722673249244849e+00
5.000391068172454823e+00
5.225097591400146513e+00
5.371432881236076540e+00
5.651214669287204728e+00
7.271526933097839596e+00
6.892450980496406920e+00
7.238000875651836807e+00
6.697078504180907998e+00
6.928390520238876249e+00
8.054614043927193379e+00
8.518560464549064903e+00
8.311420430302620233e+00
8.359161222839356142e+00
8.609915884971618638e+00
9.791664010596274892e+00
1.045475185326337808e+01
9.709669177055358702e+00
8.979401699340343157e+00
9.537363739562033871e+00
1.038383316228389752e+01
1.033762641470432264e+01
1.115085473287105522e+01
1.025958004772663124e+01
1.046742778317928391e+01
1.111171517250537910e+01
1.157068297238349963e+01
1.120971024231910640e+01
1.108056741342544527e+01
1.123737451214790362e+01
1.177099380385875627e+01
1.219538494791984640e+01
1.222876324129104653e+01
1.213862127358913412e+01
1.211667488784789981e+01
1.304042464748621022e+01
1.289522793083190955e+01
1.308058869651556044e+01
1.308653336129188460e+01
1.301304303502291404e+01
1.416733891005813994e+01
1.422037127017378744e+01
1.424410250865220995e+01
1.453412761237174244e+01
1.384122034191042161e+01
1.459157163153886749e+01
1.450232515718340842e+01
1.443958337276577986e+01
1.463463651552796385e+01
1.452553427221775095e+01
1.561467361991405411e+01
1.554139282004833156e+01
1.551333512628078459e+01
1.562159191666841451e+01
1.598534026825428001e+01
1.676737254676818978e+01
1.641266755669116861e+01
1.644467667565345792e+01
1.634118044118881130e+01
1.633764687029719198e+01
1.737705644184946863e+01
1.714266976864934122e+01
1.747310329528302120e+01
1.707938421963453379e+01
1.701279723970592173e+01
1.774921153256148187e+01
1.818320875113308333e+01
1.706570936997532684e+01
1.725938206990212365e+01
1.757757691031992309e+01
1.798173973920643220e+01
1.842936605205535727e+01
1.847487161080241336e+01
1.871236508170366264e+01
1.878408312299847438e+01
1.912492167029976997e+01
1.982965154103040817e+01
1.957057388648390628e+01
1.956850746035575739e+01
1.961051612300872904e+01
2.120112965862751153e+01
2.049184561820030126e+01
2.036214016110897163e+01
2.053463455996513432e+01
1.982905235202312610e+01
2.083228456425666764e+01
2.109215769276618957e+01
2.061501643095016334e+01
2.065493894829750232e+01
2.137363064800500823e+01
2.257815414247810892e+01
2.209089479823708402e+01
2.145087403020262684e+01
2.240412233033180200e+01
2.200822364842891687e+01
2.304503085325360345e+01
2.337017199075221896e+01
2.323540797107219547e+01
2.300761763726472964e+01
2.293138317397832893e+01
2.398361579616069861e+01
2.411635471340417780e+01
2.430870310900211351e+01
2.407758954848051047e+01
2.358728809742629551e+01
2.451243546085953540e+01
2.412837664081752465e+01
2.416263761625587847e+01
2.447667374281287067e+01
2.463763850124478338e+01
2.543602681605517901e+01
2.566678633525371467e+01
2.590321906094550997e+01
2.564606863338053344e+01
2.544218406203389193e+01
2.616741147429048908e+01
2.599768131316006148e+01
2.641972277170121686e+01
2.636462733881473497e+01
2.682853502300977766e+01
2.750468231911063199e+01
2.757562009965181460e+01
2.795417782568037524e+01
2.773904126774072765e+01
2.791854548023044913e+01
2.859283153092265195e+01
2.866322693084776319e+01
2.880163268070817040e+01
2.838755061162710192e+01
2.871379083368778140e+01
2.949053534179925862e+01
2.989564265120029418e+01
2.993491858941316508e+01
3.007683632912635829e+01
2.947572796523570915e+01
3.006660876724719955e+01
3.028391328668594440e+01
3.027438797543048921e+01
3.054744207228422326e+01
2.955497235157489655e+01
3.046140681591034038e+01
3.063224356749057620e+01
3.025799841659069145e+01
3.061736122796535398e+01
3.075018410031795568e+01
3.160412057271003761e+01
3.150364840683937118e+01
3.160804710531234818e+01
3.160712327580451841e+01
3.170123750309944199e+01
3.176283083415031427e+01
3.232882025418281557e+01
3.230335767221450993e+01
3.249932630038261294e+01
3.282815119404792625e+01
3.395660182666778582e+01
3.305655254049300851e+01
3.344038284368514979e+01
3.396564795784950519e+01
3.378950797142982765e+01
3.484418945646285692e+01
3.493000223350524891e+01
3.495520895709991294e+01
3.520191834278107024e+01
3.469867193298340169e+01
3.494175008745193622e+01
3.562796548252105566e+01
3.526366206226349220e+01
3.412476644964218053e+01
3.590559614648819320e+01
3.605262282991409251e+01
3.568037666883468972e+01
3.617275437870025456e+01
3.678055851478576699e+01
3.671066963186264331e+01
3.710133250284194872e+01
3.734738045616149549e+01
3.746423647136688118e+01
3.692102032299041525e+01
3.722535832309723247e+01
3.738380526790619029e+01
3.737610781593322429e+01
3.767510815820693892e+01
3.832230809164047258e+01
3.791129583387375135e+01
3.857283255672454914e+01
3.825147124357223305e+01
3.924637275533676473e+01
3.843513907098770233e+01
3.858535734043121579e+01
3.966234809160232544e+01
3.938779649953842465e+01
3.985648283252716340e+01
3.883306889362334857e+01
3.929001634359359940e+01
3.968315273466109971e+01
3.978821283035278356e+01
3.959888762588501265e+01
4.019116603717804281e+01
4.077330688686370763e+01
4.148576692619323580e+01
4.155013388652801609e+01
4.068767345514297773e+01
4.155344224395751951e+01
4.133380916709899822e+01
4.216628991699218432e+01
4.176172451925278040e+01
4.211822473917007414e+01
4.181093089008331276e+01
4.181477543992996004e+01
4.251268473215102972e+01
4.269448094081878509e+01
4.225279030456542984e+01
4.265317062025070527e+01
4.204423176393508754e+01
4.264216012153625712e+01
4.259746823854446518e+01
4.277913925037383791e+01
4.244910292015075726e+01
4.303280885181427351e+01
4.343265375728606870e+01
4.406420083007812849e+01
4.341126098852157611e+01
4.391496656007766575e+01
4.399349804515838969e+01
4.342636902732849080e+01
4.411990727281570202e+01
4.430608036136626993e+01
4.449691818532943444e+01
4.512408427648544063e+01
4.524423737144470437e+01
4.563755581531524541e+01
4.559555464572906658e+01
4.592309957890510219e+01
4.490946397676467683e+01
4.574492140312194977e+01
4.624212476167679142e+01
4.552485694465637067e+01
4.570600616846084563e+01
4.533379445333481073e+01
4.588977539453506438e+01
4.584650741004944052e+01
4.668740764007568345e+01
4.582727099065780862e+01
4.561284399614334006e+01
4.534830084686279150e+01
4.614004744253158918e+01
4.694556447582245085e+01
4.673318553485870552e+01
4.651550979928970264e+01
4.711258910207748585e+01
4.651987254867553645e+01
4.718269390707015987e+01
4.707559624643325691e+01
4.698040810651779253e+01
4.722447531776428065e+01
4.702957012557983063e+01
4.744916679868698139e+01
4.737258236360550256e+01
4.753422368307113999e+01
4.776636187353134488e+01
4.785609944477081257e+01
4.802327418146133198e+01
4.815236391572952357e+01
4.859345558414459276e+01
4.927291331119537432e+01
4.927469871292114334e+01
4.904700008811950340e+01
4.916248790445327899e+01
4.962404481878280649e+01
5.001137904596328809e+01
4.994273648977279834e+01
4.981068796443939561e+01
4.996915169219970920e+01
4.959325218620300291e+01
4.990725947518348704e+01
4.985007376060485740e+01
4.950075673890113848e+01
4.983262955002784622e+01
5.002233843553066350e+01
5.074860381298065448e+01
5.119662474050522150e+01
5.057779495878219933e+01
5.050701369771957161e+01
5.147563468894958305e+01
5.159673256626129501e+01
5.210601304397582823e+01
5.243515768270492572e+01
5.189526755905151134e+01
5.218063764324188014e+01
5.321837400875091362e+01
5.298381282024383410e+01
5.263868477640151866e+01
5.273067538881301886e+01
5.282553542680740577e+01
5.346449543714523145e+01
5.362056797227859306e+01
5.340149845981597565e+01
5.342260560655594048e+01
5.347369586248397866e+01
5.393593486604690668e+01
5.403827438049316356e+01
5.401187196063995088e+01
5.390939741020202547e+01
5.374492308645248073e+01
5.399742574844360377e+01
5.394737810440063441e+01
5.391847910118102760e+01
5.385886108207702705e+01
5.401606732130050403e+01
5.433490066862106005e+01
5.429606207361221237e+01
5.442371116781234974e+01
5.435695767889022534e+01
5.412842947282791073e+01
5.435302080774307143e+01
5.455987678279876718e+01
5.439232674484252783e+01
5.412673268060684251e+01
5.446863281755447161e+01
5.499685542526245285e+01
5.501899049367904837e+01
5.504119723539352549e+01
5.492542963171005255e+01
5.497769675693511715e+01
5.525311939783096449e+01
5.505954255142211906e+01
5.575838173809051312e+01
5.535310681047439374e+01
5.540413366565704223e+01
5.562306522560119504e+01
5.598304489860534972e+01
5.581918765907287394e+01
5.584260919036865545e+01
5.601629171438217014e+01
5.633427902755737193e+01
5.596103257684707444e+01
5.634024395790100215e+01
5.613183676452636917e+01
5.647810306215286147e+01
5.708165912389755192e+01
5.677091232528686504e+01
5.666087182130813460e+01
5.673998283061980885e+01
5.681972401304245324e+01
5.708145068740844863e+01
5.702621022691726438e+01
5.697317100496292142e+01
5.758582044458389504e+01
5.731208785524368210e+01
5.766914106693268138e+01
5.772908403015136969e+01
5.775169063930511726e+01
5.781939175462722602e+01
5.796584181261062696e+01
5.818638854131698679e+01
5.782991645345688170e+01
5.864861615390777416e+01
5.781692761411667192e+01
5.825306456804275257e+01
5.834745794887543013e+01
5.854459738750458087e+01
5.868516443767547486e+01
5.875429941759109198e+01
5.864972105274200231e+01
5.901493645191192883e+01
5.939763075370788670e+01
5.917228817348480163e+01
5.914135517635345707e+01
5.855116469860077189e+01
5.899824023485183488e+01
5.907496274156570593e+01
5.896475948028564318e+01
5.918341992206573821e+01
5.906107103157043525e+01
5.971806616649627841e+01
5.976080259323120458e+01
5.974746216430663992e+01
5.982438569965362518e+01
5.982301615123748917e+01
6.035130329246521086e+01
6.066795881481170483e+01
5.980730997180938857e+01
5.862475723114013704e+01
6.096570590648651233e+01
6.121880522727965968e+01
6.132399263782501464e+01
6.142013730697631502e+01
6.026831900901794370e+01
6.176668783054351763e+01
6.202401420783996855e+01
6.093627772064208870e+01
6.277183685264587609e+01
6.210608024444579911e+01
6.063425119686126408e+01
6.137373116188049238e+01
6.115064976367950322e+01
6.153352373142242726e+01
6.121106870002746803e+01
6.141954752864837985e+01
6.213287442512512371e+01
6.153714667072296152e+01
6.245345592956542902e+01
6.217228037090301740e+01
6.189332821960449138e+01
6.264832422294616521e+01
6.269516156063080103e+01
6.295072657489776446e+01
6.278073239231109426e+01
6.320577856082915957e+01
6.363105583953857547e+01
6.402083276138306189e+01
6.356525553398132189e+01
6.349681672725677828e+01
6.308656975269317968e+01
6.338515253067016886e+01
6.325843294734954725e+01
6.289619161653518375e+01
6.431940382347106322e+01
6.383144394989013648e+01
6.421068555631637764e+01
6.493930095834731731e+01
6.448617501735687085e+01
6.420053771505355655e+01
6.432478629579543394e+01
6.441916527566910133e+01
6.396271765604019066e+01
6.244784284243583983e+01
6.319479882144928240e+01
6.282412755737304622e+01
6.189438906824588571e+01
6.183940666458606472e+01
6.240064949562549401e+01
6.272400009775162033e+01
6.127417530355453579e+01
6.098898725485205574e+01
6.172165984966754593e+01
6.151751334016323369e+01
6.109082661783695301e+01
6.165779264022111761e+01
6.179727133002280937e+01
6.254796110391616537e+01
6.257389630520344070e+01
6.272541131904124967e+01
6.213426290552616393e+01
6.281091948282718818e+01
6.251436227095127407e+01
6.267819333326816889e+01
6.247747147061824791e+01
6.200035266919135779e+01
6.244048223071098391e+01
6.218973938987254968e+01
6.241034279747009350e+01
6.216171812138557584e+01
6.294699525954723640e+01
6.253461957931518356e+01
6.369154257359504356e+01
6.281065059773921888e+01
6.320976644313335413e+01
6.350644058294296457e+01
6.346826935650110357e+01
6.389107542576790166e+01
6.347668955574035721e+01
6.370465221157073898e+01
6.432404161829948919e+01
6.466641703801154506e+01
6.413477730937003685e+01
6.550125948467254489e+01
6.488540398216247240e+01
6.515396395320892964e+01
6.539730484752655570e+01
6.546940220899581675e+01
6.577169724121094418e+01
6.554060553979873305e+01
6.503671418943405058e+01
6.582602015180587784e+01
6.581146739959716285e+01
6.555185678958892481e+01
6.518219999103546058e+01
6.518827101898193632e+01
6.616919762887954448e+01
6.583648949632645042e+01
6.598455561141967962e+01
6.640261142454147603e+01
6.661016396770477854e+01
6.681347774009704210e+01
6.779056932802200208e+01
6.790984599466324312e+01
6.761154182090758979e+01
6.763373506822586023e+01
6.835620634918213057e+01
6.843639456090927808e+01
6.830161239166260145e+01
6.781044382324218134e+01
6.753231682052611973e+01
6.805803130388260058e+01
6.836589521389007018e+01
6.725520396595001671e+01
6.775567085790633826e+01
6.667224247913360102e+01
6.710586369733810841e+01
6.712546404809951639e+01
6.727550208101273199e+01
6.693929510307312114e+01
6.702527241687774051e+01
6.894085442152022836e+01
6.763045350313186077e+01
6.803668724765778109e+01
6.796594423179627142e+01
6.721442300615311183e+01
6.756504972219467220e+01
6.757726654148102341e+01
6.762908280925751114e+01
6.685931390829085785e+01
6.767758771648406935e+01
6.767822642002106193e+01
6.735442434720992821e+01
6.685318459758758536e+01
6.843205702390670808e+01
6.858670792055130505e+01
6.839434187479018590e+01
6.886093894510268854e+01
6.923869552860260512e+01
6.900008242788314305e+01
6.873552680387497560e+01
6.821146570596694403e+01
6.936975523910523123e+01
6.825563062477111487e+01
6.835107562541961101e+01
6.899228709630966705e+01
6.895654991607665352e+01
6.918171826772689315e+01
6.897336076211929878e+01
6.879750937976837122e+01
6.886606854705810576e+01
6.696260861573219358e+01
6.801485550937653102e+01
6.832369773492813181e+01
6.690714880557059985e+01
6.799178046145439680e+01
6.844156011590958144e+01
6.780118898539542727e+01
6.757679792928695406e+01
6.783246410980224539e+01
6.804344902815819296e+01
6.841915237193107657e+01
6.839817763595580402e+01
6.914479271392822568e+01
6.832201754207611089e+01
6.949710424222946870e+01
7.043972515087128272e+01
7.000233002614974964e+01
7.075696099357604396e+01
7.057467916707992117e+01
7.047628132114409993e+01
7.086454356136322019e+01
7.154133281173706393e+01
7.160304863510131668e+01
7.142943642673492377e+01
7.146873099870681756e+01
7.162310684270859440e+01
7.270036958427429852e+01
7.175621284828186219e+01
7.196550818376540803e+01
7.160785624065398736e+01
7.318452542123795013e+01
7.252660135488510207e+01
7.176536093626022250e+01
7.228828250179290649e+01
7.158400252170562794e+01
7.053982990531920905e+01
7.086511715202331629e+01
7.093387733078003521e+01
7.098018292255402173e+01
7.119652143464088567e+01
7.047127110948562745e+01
7.125403716473579152e+01
7.012611440489291681e+01
6.938423773994445298e+01
7.100136013946533353e+01
7.043186246576308918e+01
7.152298558433055575e+01
7.153210889565944797e+01
7.093246823961735004e+01
7.186481963324547451e+01
7.153420634174347015e+01
7.048174211592674965e+01
6.985554849548340428e+01
7.012924857177733884e+01
6.985252493233680582e+01
6.942917591347693929e+01
7.021966736121177632e+01
6.927850375347136946e+01
7.014948799576758631e+01
6.981685542068481709e+01
6.934153311896324112e+01
6.915281400270461631e+01
6.992809691152572782e+01
6.957137264475822747e+01
6.929499532761573732e+01
6.944722428445815865e+01
6.989936532192230345e+01
7.041165145444870177e+01
6.939355289559364337e+01
7.054092775344848576e+01
7.057075271763801538e+01
7.116548244533538536e+01
7.110278354344367813e+01
7.258150172972679570e+01
7.196391862134933604e+01
7.272068800244331044e+01
7.168404662284851270e+01
7.169037336435317798e+01
7.277426304068565344e+01
7.212692698559760629e+01
7.144475905203819366e+01
7.182156904072760994e+01
7.231438097863197356e+01
7.283799442458152384e+01
7.140632471389770330e+01
7.107289304461478707e+01
7.109421004085540119e+01
7.155854401803016174e+01
7.178921123676299487e+01
7.168723243484497232e+01
7.147251535544396006e+01
7.227654195413589377e+01
7.212279795184134912e+01
7.157303543038368332e+01
7.123889527158736712e+01
7.166140703892708075e+01
7.187202523202896032e+01
7.101787536439896087e+01
7.174538101978302507e+01
7.065628532252311800e+01
7.127357764625548953e+01
6.974146546173095373e+01
7.026101816482544393e+01
7.069725838556288977e+01
7.037845768060684293e+01
7.030701980338096746e+01
7.001439595689772943e+01
7.011538239846230169e+01
6.866584015722274614e+01
6.928410267047881632e+01
7.028452761378288471e+01
6.978039114780426644e+01
6.973739696111678654e+01
7.021974319062232439e+01
6.932495224590302030e+01
6.891034603252410307e+01
7.109425905542373414e+01
7.076938098030090885e+01
7.081454834918976360e+01
7.069042311787605115e+01
7.099048532729149485e+01
7.117170551772117904e+01
7.103385318007468641e+01
7.177258666586875790e+01
7.012163122253417669e+01
6.973315341272353862e+01
7.073803203015327767e+01
6.958590514683723427e+01
7.154292845959663794e+01
7.115412801861762659e+01
7.050728519744872358e+01
7.066661313686370249e+01
6.947152751426696682e+01
7.078679309768676831e+01
7.092609625568390186e+01
7.150713564186095539e+01
7.101568614754677355e+01
7.165349556612967774e+01
7.183511307945251190e+01
7.188775633554458011e+01
7.243336533551216405e+01
7.259599540452957456e+01
7.246171262998581142e+01
7.270427436323166148e+01
7.255493003207445213e+01
7.276820028886199054e+01
7.290620234851837722e+01
7.302810271519422258e+01
7.321066898498534670e+01
7.300889723954796295e+01
7.328584992066025450e+01
7.408993614521025961e+01
7.401034143785834374e+01
7.332566862587928824e+01
7.334817361068725461e+01
7.391971209139823884e+01
7.328711800522803799e+01
7.329435599713922045e+01
7.331129676728248512e+01
7.268480828303098917e+01
7.407205316537618955e+01
7.402376737875341917e+01
7.353374713674783436e+01
7.494036080659627430e+01
7.487396919336914891e+01
7.517292947769165323e+01
7.575431364783644028e+01
7.508161135624646931e+01
7.535779097818135597e+01
7.575970549229383266e+01
7.624893208897114505e+01
7.584359305877686097e+01
7.500169599084854610e+01
7.423025571751594498e+01
7.585735388661622380e+01
7.621120211416483414e+01
7.626394517593384137e+01
7.590864350886344880e+01
7.552610036802292370e+01
7.545717625489234592e+01
7.596552679653167672e+01
7.496408989443779092e+01
7.531986446089744902e+01
7.553995788183212312e+01
7.490224444837569706e+01
7.552227473049163109e+01
7.491112558403014532e+01
7.413203838891982400e+01
7.430586029303073303e+01
7.506263310155868851e+01
7.561561102514266963e+01
7.517216717524529201e+01
7.594783510565757467e+01
7.524186302495002110e+01
7.518785317897796006e+01
7.560212947373389625e+01
7.452152367382049647e+01
7.231293202791214014e+01
7.408903141164779527e+01
7.406504488701820321e+01
7.458317312092781037e+01
7.452389919629096937e+01
7.472438452076912085e+01
7.519987573199271935e+01
7.502134389343261489e+01
7.531892385573387116e+01
7.555361533050536593e+01
7.573407485003471606e+01
7.562575146708488205e+01
7.572085534291267095e+01
7.565797341604232429e+01
7.545415869770050676e+01
7.562017249546050834e+01
7.583171864376068072e+01
7.568008587055206249e+01
7.549283049211501861e+01
7.621049449586868718e+01
7.629209982900619025e+01
7.635305639038085701e+01
7.631633471565245941e+01
7.622534354419708791e+01
7.648154899625778569e+01
7.642676144075393552e+01
7.688148775491714559e+01
7.685273182315826546e+01
7.728939323539734119e+01
7.746141305332183435e+01
7.752164156293869723e+01
7.768212568721770594e+01
7.764219840211868018e+01
7.863539395675658739e+01
7.826515263242721687e+01
7.670988096160888858e+01
7.774496083068846985e+01
7.884487782545089374e+01
7.892172677812575898e+01
7.797550891695023267e+01
7.955626687211990600e+01
7.885103563165664298e+01
7.746089759769439809e+01
7.798676632623671878e+01
7.629628676872253834e+01
7.691303063325881340e+01
7.736121478037834720e+01
7.640457562050819718e+01
7.774956550817489642e+01
7.821228379454612423e+01
7.729704498858451700e+01
7.759702814536095161e+01
7.715879809675216450e+01
7.695743532953262900e+01
7.880706111135482672e+01
7.756555628404616698e+01
7.793055630145073565e+01
7.743853051309585567e+01
7.634535317564009915e+01
7.695772776784896507e+01
7.681604746417998797e+01
7.666358617811202691e+01
7.708904709196090721e+01
7.714787377634048937e+01
7.664714749393462512e+01
7.817932008743285621e+01
7.602440614042282618e+01
7.818918872261046715e+01
7.775574240159988904e+01
7.741446400527954097e+01
7.864184568214416515e+01
7.924353245019912606e+01
7.834911168355941413e+01
7.844479626083374058e+01
7.852801180343628573e+01
7.851888459138869791e+01
7.894608111696243213e+01
7.804085012502670793e+01
7.860116579074859544e+01
7.820912218112945880e+01
7.782495338335037616e+01
7.821704016513824342e+01
7.875038471069335344e+01
7.902733717002868730e+01
7.861582148904800249e+01
7.880986930217743236e+01
7.905779349136352607e+01
7.783717178339958309e+01
7.839842329587936831e+01
7.810819588608741526e+01
7.873988871746063012e+01
7.863077623052596721e+01
7.759599907217025816e+01
7.728047163119316565e+01
7.804484971795082515e+01
7.818196529369353698e+01
7.846672535357475908e+01
7.786077502560615926e+01
7.731142798571586638e+01
7.904240451135635226e+01
7.727147562170029005e+01
7.739411246938705347e+01
7.644697317323684160e+01
7.440325779519081095e+01
7.472962262611389406e+01
7.378125530390740039e+01
