3.717816530933254482e-01
3.717816530933254482e-01
3.717816530933254482e-01
3.717816530933254482e-01
3.717816530933254482e-01
3.717816530933254482e-01
3.717816530933254482e-01
3.717816530933254482e-01
3.717816530933254482e-01
3.717816530933254482e-01
3.717816530933254482e-01
3.717816530933254482e-01
3.717816530933254482e-01
3.717816530933254482e-01
3.717816530933254482e-01
3.717816530933254482e-01
3.717816530933254482e-01
3.717816530933254482e-01
3.717816530933254482e-01
3.717816530933254482e-01
3.717816530933254482e-01
3.717816530933254482e-01
3.717816530933254482e-01
3.717816530933254482e-01
3.717816530933254482e-01
3.717816530933254482e-01
3.717816530933254482e-01
3.717816530933254482e-01
3.717816530933254482e-01
3.717816530933254482e-01
3.717816530933254482e-01
3.717816530933254482e-01
3.717816530933254482e-01
3.717816530933254482e-01
3.717816530933254482e-01
3.717816530933254482e-01
3.717816530933254482e-01
3.717816530933254482e-01
3.717816530933254482e-01
3.717816530933254482e-01
3.717816530933254482e-01
3.717816530933254482e-01
3.717816530933254482e-01
3.717816530933254482e-01
3.717816530933254482e-01
3.717816530933254482e-01
3.717816530933254482e-01
3.717816530933254482e-01
3.717816530933254482e-01
3.717816530933254482e-01
3.717816530933254482e-01
3.717816530933254482e-01
3.717816530933254482e-01
3.717816530933254482e-01
3.717816530933254482e-01
3.717816530933254482e-01
3.717816530933254482e-01
3.717816530933254482e-01
3.717816530933254482e-01
3.717816530933254482e-01
3.717816530933254482e-01
3.717816530933254482e-01
3.717816530933254482e-01
3.717816530933254482e-01
3.830308255198295320e-01
4.958253125315532084e-01
6.323241958612576541e-01
7.402464803617447853e-01
7.807531512625515147e-01
8.157307846739888513e-01
8.787067544542253028e-01
9.272452397976070904e-01
1.038527904896438203e+00
1.077926606984436431e+00
1.215701201833784495e+00
1.250911781355738661e+00
1.348602539741992956e+00
1.380229401341080742e+00
1.404262312135100332e+00
1.414700520083308266e+00
1.444555362027883483e+00
1.469216643595695482e+00
1.473259700834751218e+00
1.482078813999891276e+00
1.489756157743930887e+00
1.508605204057693383e+00
1.508838130521774401e+00
1.515177283096313499e+00
1.518144364285469061e+00
1.505424717998504747e+00
1.519032386994361827e+00
1.512789487034082336e+00
1.535040706276893596e+00
1.531926465570926599e+00
1.532142092573642644e+00
1.536538326686620604e+00
1.529513834953308171e+00
1.534147328287362999e+00
1.527865162295103163e+00
1.509063020640611708e+00
1.526150481283664595e+00
1.514222478038072639e+00
1.938352421575784579e+00
2.348515756750106931e+00
2.740716890335082923e+00
2.621337491512298445e+00
2.654752039861679069e+00
2.650361573362350676e+00
2.647119048905372640e+00
2.650054501700401133e+00
2.618440112304687428e+00
2.590109575068950676e+00
2.618551186263561092e+00
2.619349426734447484e+00
2.631046229219436761e+00
2.628038997435569790e+00
2.600356396961212013e+00
2.564190501499175934e+00
2.635967575812339980e+00
2.580902756857871960e+00
2.519168126225471482e+00
2.525394204998016257e+00
2.566669965982437240e+00
2.609011926150321958e+00
2.572307151281833626e+00
2.562303286981582495e+00
2.581603420543670868e+00
2.506760030055045885e+00
2.516751083540916589e+00
2.545748923134803832e+00
2.535043574655055920e+00
2.530366949832439261e+00
2.549264881050586684e+00
2.543606700944900378e+00
2.506617962026596036e+00
2.496478231799602376e+00
2.514743421781063137e+00
2.508904124939441704e+00
2.537232036757469000e+00
2.528496365880966046e+00
2.508785697209835241e+00
2.535556723725795880e+00
2.482857492709159786e+00
2.491078472852707115e+00
2.547574288320541225e+00
2.549854949188232300e+00
2.484463316333294092e+00
2.451608665525913278e+00
2.426144954526424424e+00
2.479725260889530158e+00
2.499759849977493342e+00
2.494621223223209228e+00
2.895865414416789907e+00
3.450325995397567791e+00
3.469494512701034594e+00
3.430705548763274937e+00
3.382795702445506869e+00
3.325270374310016486e+00
3.407058196306228748e+00
3.466465206098556351e+00
3.391118192398548281e+00
3.366210511767864233e+00
3.358919037151336884e+00
3.369065005004405755e+00
3.407509461641311521e+00
3.437268100404739180e+00
3.424731929492950577e+00
3.360327525615692146e+00
3.392583703863620848e+00
3.386166165506839576e+00
3.348669700109958569e+00
3.383157714509963832e+00
3.397905287599563451e+00
3.366637312090396961e+00
3.342306918156146889e+00
3.364037489151954663e+00
3.409069857919216240e+00
3.385912862110137755e+00
3.365295353949069757e+00
3.340824769937992045e+00
3.359034985685348307e+00
3.335937183272838613e+00
3.317009285819530362e+00
3.305696056032180863e+00
3.340801812791824421e+00
3.328583497178554396e+00
3.333600791704654842e+00
3.331105200970172930e+00
3.351883427762985423e+00
3.329158462059497836e+00
3.368986853539943649e+00
3.326546043634414751e+00
3.245391398882865985e+00
3.298415823316573903e+00
3.336193906450271474e+00
3.336287718069553154e+00
3.349878902578353745e+00
3.290266093623638088e+00
3.369088105273246647e+00
3.363622708094120117e+00
3.273921218192577420e+00
3.288917897367477305e+00
4.371577011179923922e+00
4.282383137667179263e+00
4.232009338200092508e+00
4.182303278291225723e+00
4.242794531130790858e+00
4.264271781420707619e+00
4.268305655860900494e+00
4.290827125382423723e+00
4.251025191032886674e+00
4.210667775464058238e+00
4.187680562758445468e+00
4.161985307538508927e+00
4.198790410399436901e+00
4.230036469042301128e+00
4.276935454106331136e+00
4.267193518352508264e+00
4.230321470117568872e+00
4.255194258081912650e+00
4.205867877674102751e+00
4.155612294280529362e+00
4.216089637231826615e+00
4.249810399961471141e+00
4.205798070359230145e+00
4.222483430719375264e+00
4.204602587532996871e+00
4.246000784099101644e+00
4.196511985135078504e+00
4.194097478222847286e+00
4.209375802350043827e+00
4.229852374589443187e+00
4.248532043230533795e+00
4.273515772283077219e+00
4.205907828521728398e+00
4.235495254004001175e+00
4.230953508365153937e+00
4.216752505278587471e+00
4.191494259625673457e+00
4.196639202082157460e+00
4.172003669857978991e+00
4.238593815886974703e+00
4.229598896026611321e+00
4.181610306811332833e+00
4.161953763830661401e+00
4.210618887960911216e+00
4.254223906373977293e+00
4.222255500447750443e+00
4.196975157237052834e+00
4.175018901163339180e+00
4.171730786514282308e+00
4.151495132184028769e+00
4.732699018311500971e+00
5.203070285046100807e+00
5.023728525507450193e+00
4.978744841003417854e+00
5.035039821434020624e+00
5.069159478795528528e+00
4.946248257052898722e+00
5.011404433524608848e+00
5.097542615246772435e+00
5.033736022758484197e+00
5.063855728888511543e+00
5.022019347572326708e+00
5.196357107472419301e+00
5.062526439487934127e+00
5.016226687359809588e+00
5.058430081582069526e+00
5.083328996050357595e+00
5.069080477440357058e+00
4.996136598581075283e+00
5.042158929610252471e+00
5.083325189089775265e+00
4.984028707551956039e+00
5.112484186989068924e+00
5.026292846214770904e+00
5.083044332778453800e+00
5.093121450006961481e+00
5.087809734141826468e+00
5.086709045088291248e+00
5.053620418041944617e+00
4.989279341071844343e+00
5.079718996620178117e+00
5.090246766775846865e+00
5.018462813907861531e+00
5.069365460145473179e+00
5.063401187002658510e+00
5.046491280150413594e+00
4.996561271941661886e+00
4.998702387654780921e+00
5.097840147346258455e+00
5.074951158130168949e+00
5.013678741604089772e+00
5.037105151212215581e+00
5.130104129409789770e+00
5.082958121177553856e+00
5.023950022244453528e+00
5.021686772504448726e+00
5.031614039510488467e+00
5.133915804529189941e+00
5.078674663823843360e+00
5.062846275687217457e+00
5.984522879803180651e+00
5.948957728672027656e+00
5.957923936897516093e+00
5.905678360247612169e+00
5.902922530245780841e+00
5.930961736971140041e+00
5.962008020210266324e+00
5.952661738073826037e+00
5.852746824148296945e+00
5.937349602198600529e+00
5.867116771546005971e+00
5.958937083479762364e+00
5.969583496779203635e+00
5.942777547270059912e+00
5.985311987560987035e+00
5.915038817480206212e+00
5.934621428269148069e+00
5.897926994958520019e+00
5.989757262033224450e+00
5.931635806679725675e+00
6.048501518264412624e+00
5.922948713940382248e+00
6.033109510546922571e+00
5.965590138506889240e+00
5.964184145805239368e+00
5.968412362575531205e+00
6.014820718479156447e+00
5.998700565123558093e+00
6.031379773688316348e+00
5.987866141390800756e+00
6.113390621137619441e+00
6.044997655534744219e+00
6.038389481550455073e+00
6.086879447364807127e+00
5.951568006181717330e+00
6.042029421243071852e+00
6.016967175316811023e+00
6.071988205027579966e+00
6.080339520657062735e+00
5.985486305361986226e+00
5.980745492589473855e+00
6.032590825605392837e+00
6.066229104852676635e+00
6.004223063093423463e+00
6.014676628410816406e+00
6.010973102951049363e+00
6.026179989087581568e+00
6.034323191994428903e+00
6.027788365578651053e+00
6.053569894373416638e+00
6.778732012414931951e+00
6.976818247127533290e+00
6.947609537059068252e+00
6.941639966869353806e+00
6.998627588748932205e+00
7.017778017431497872e+00
7.023086744034290341e+00
7.002854631471634228e+00
7.062347744238376634e+00
6.994187052661180459e+00
7.003968550729751996e+00
6.985988266706466554e+00
6.956270963585376776e+00
6.962452390271424818e+00
6.983306583130359790e+00
7.032266460371017658e+00
7.023189257609844027e+00
6.898059167003631309e+00
6.958170101141929464e+00
6.988990780413150361e+00
6.910883001708984175e+00
6.962050868690013772e+00
6.947511771523952717e+00
6.916965825676918200e+00
6.918731808865070221e+00
6.929836562907695452e+00
6.883376380264759398e+00
6.915746557939052686e+00
6.965932106220722453e+00
6.939346299481392144e+00
6.974575536060333647e+00
6.928221316653489836e+00
7.001929747521876912e+00
6.901447287720442247e+00
6.887451331853866598e+00
6.985135228872299429e+00
6.867773059582710005e+00
6.929777107274532000e+00
6.924801066124438798e+00
6.938427356076240393e+00
7.008377501058578929e+00
6.931238446843623890e+00
6.988995741689205232e+00
6.877287140524387610e+00
6.899668370246887505e+00
6.894158175551891254e+00
6.914068403935432094e+00
6.906941034197807028e+00
6.901067978191375296e+00
6.930651379287242619e+00
7.798183132350445135e+00
7.865691386699676713e+00
7.823608456063270822e+00
7.860744772052765228e+00
7.880154261398315541e+00
7.886152395009994542e+00
7.818344969499110952e+00
7.853382003045082271e+00
7.849328844928741056e+00
7.862647774124145172e+00
7.803117816770076764e+00
7.871316157305241035e+00
7.936762976837158590e+00
7.814536794877052550e+00
7.901673062300681671e+00
7.889868748283386246e+00
7.840015753710269486e+00
7.829075262427330095e+00
7.823400820863247063e+00
7.815544141685962565e+00
7.719522460520267693e+00
7.767251598560809711e+00
7.882188834023475366e+00
7.899957138192653439e+00
7.730526872789860171e+00
7.734078802156448162e+00
7.827833823990822282e+00
7.800134975862502706e+00
7.799709119570255034e+00
7.822495683026313706e+00
7.830201458597183084e+00
7.768715613967180467e+00
7.836866814047097840e+00
7.845064068114757205e+00
7.824366679763794075e+00
7.811824614596367233e+00
7.750372736573218901e+00
7.834873248916863986e+00
7.829221805477142304e+00
7.865472787034511803e+00
7.899087212049961337e+00
7.806438846349716520e+00
7.840729581123590641e+00
7.872112588071822792e+00
7.779188298523425971e+00
7.854388753795623401e+00
7.789844617497920787e+00
7.884909302169084810e+00
7.828430704700946485e+00
7.768066562908887640e+00
8.735380009114741995e+00
8.703164297831058605e+00
8.691977191579342232e+00
8.612958156329392878e+00
8.712649123036861454e+00
8.619407486408949381e+00
8.659750682383775100e+00
8.642069903469085546e+00
8.636872809565067755e+00
8.768918723124265568e+00
8.681073268127441622e+00
8.650882368499040354e+00
8.643582070004940832e+00
8.657571395289897609e+00
8.636735143184662178e+00
8.631910502088070203e+00
8.569972298979759984e+00
8.621427454209328545e+00
8.583149057739973387e+00
8.633091668277979025e+00
8.639860736310481570e+00
8.675715043756365930e+00
8.622948776847124464e+00
8.616078613963722432e+00
8.677507356798649596e+00
8.612607869538665639e+00
8.629248233738541884e+00
8.592715807563067187e+00
8.626549428015946930e+00
8.648431049340963739e+00
8.598257134237885069e+00
8.635658549296856279e+00
8.648639120149612225e+00
8.540697656583786213e+00
8.660018239793181749e+00
8.651495666030049492e+00
8.551960303673148189e+00
8.613554756516217381e+00
8.518219829881191529e+00
8.586937785071134144e+00
8.529293900781869553e+00
8.662128341197966819e+00
8.606717152339220078e+00
8.621425813627242363e+00
8.683619856688380878e+00
8.647817767763138264e+00
8.652051948183775210e+00
8.537908029797673493e+00
8.610876639994978987e+00
8.658588230338692071e+00
9.479091188669205081e+00
9.458961053344607350e+00
9.519384323424100458e+00
9.595848252198100781e+00
9.480720895448326857e+00
9.445466799074411668e+00
9.556178820708394639e+00
9.479741495579480315e+00
9.511103118371963205e+00
9.508454324316979012e+00
9.438217732912301372e+00
9.484534928190708314e+00
9.569914454931021552e+00
9.484401155805587180e+00
9.578696866706014390e+00
9.534998387730121649e+00
9.414842946815490166e+00
9.554240663966536928e+00
9.448419965425133071e+00
9.470329515969753587e+00
9.412108090704679242e+00
9.535599478742479818e+00
9.482368671786785441e+00
9.586174436980485325e+00
9.519474580618739523e+00
9.517051501184701223e+00
9.432127550616860034e+00
9.489427577593922081e+00
9.585588103801011783e+00
9.457779830253123521e+00
9.384092864900827280e+00
9.549398841080069644e+00
9.444256505733727991e+00
9.513606184852124059e+00
9.449071220681071637e+00
9.493411322832107757e+00
9.486056070372463012e+00
9.504960018813610745e+00
9.477942402470111105e+00
9.472548202446102295e+00
