3.876915098738274446e-01
3.876915098738274446e-01
3.876915098738274446e-01
3.876915098738274446e-01
3.876915098738274446e-01
3.876915098738274446e-01
3.876915098738274446e-01
3.876915098738274446e-01
3.876915098738274446e-01
3.876915098738274446e-01
3.876915098738274446e-01
3.876915098738274446e-01
3.876915098738274446e-01
3.876915098738274446e-01
3.876915098738274446e-01
3.876915098738274446e-01
3.876915098738274446e-01
3.876915098738274446e-01
3.876915098738274446e-01
3.876915098738274446e-01
3.876915098738274446e-01
3.876915098738274446e-01
3.876915098738274446e-01
3.876915098738274446e-01
3.876915098738274446e-01
3.876915098738274446e-01
3.876915098738274446e-01
3.876915098738274446e-01
3.876915098738274446e-01
3.876915098738274446e-01
3.876915098738274446e-01
3.876915098738274446e-01
3.876915098738274446e-01
3.876915098738274446e-01
3.876915098738274446e-01
3.876915098738274446e-01
3.876915098738274446e-01
3.876915098738274446e-01
3.876915098738274446e-01
3.876915098738274446e-01
3.876915098738274446e-01
3.876915098738274446e-01
3.876915098738274446e-01
3.876915098738274446e-01
3.876915098738274446e-01
3.876915098738274446e-01
3.876915098738274446e-01
3.876915098738274446e-01
3.876915098738274446e-01
3.876915098738274446e-01
3.876915098738274446e-01
3.876915098738274446e-01
3.876915098738274446e-01
3.876915098738274446e-01
3.876915098738274446e-01
3.876915098738274446e-01
3.876915098738274446e-01
3.876915098738274446e-01
3.876915098738274446e-01
3.876915098738274446e-01
3.876915098738274446e-01
3.876915098738274446e-01
3.876915098738274446e-01
3.876915098738274446e-01
3.876915098738274446e-01
3.876915098738274446e-01
3.876915098738274446e-01
3.876915098738274446e-01
3.876915098738274446e-01
3.876915098738274446e-01
3.876915098738274446e-01
3.876915098738274446e-01
3.876915098738274446e-01
3.876915098738274446e-01
3.876915098738274446e-01
3.876915098738274446e-01
3.876915098738274446e-01
3.876915098738274446e-01
3.876915098738274446e-01
3.876915098738274446e-01
3.876915098738274446e-01
3.876915098738274446e-01
3.876915098738274446e-01
3.876915098738274446e-01
3.876915098738274446e-01
3.876915098738274446e-01
3.876915098738274446e-01
3.876915098738274446e-01
3.876915098738274446e-01
3.876915098738274446e-01
3.876915098738274446e-01
3.876915098738274446e-01
3.876915098738274446e-01
3.876915098738274446e-01
3.876915098738274446e-01
3.876915098738274446e-01
3.876915098738274446e-01
3.876915098738274446e-01
3.876915098738274446e-01
3.876915098738274446e-01
3.876915098738274446e-01
3.876915098738274446e-01
3.876915098738274446e-01
3.876915098738274446e-01
3.876915098738274446e-01
3.876915098738274446e-01
3.876915098738274446e-01
4.032244459968060135e-01
4.911284357560798397e-01
5.773111573651432682e-01
6.275159281231462716e-01
6.746871092170476647e-01
7.364846948020160600e-01
8.176353771805763282e-01
9.316940219461917749e-01
1.025630385522544374e+00
1.059003004890680222e+00
1.110041317152977047e+00
1.166536168536543849e+00
1.251068882873654475e+00
1.400567657303810165e+00
1.429193646690249508e+00
1.604534760028123896e+00
1.779447902250289815e+00
1.901110534876585101e+00
1.993131239604949867e+00
2.049535777157545091e+00
2.098451473200320994e+00
2.239704491567611644e+00
2.360654681837558666e+00
2.426233418071269909e+00
2.457565146160125558e+00
2.623222207307815523e+00
2.905024268680810984e+00
3.051197116231918471e+00
3.263643656408786953e+00
3.418463744705915630e+00
3.363848598730564188e+00
3.411749819350242685e+00
3.497369779062271089e+00
3.539204414892196837e+00
3.602044774353504231e+00
3.823154413008690078e+00
4.057502399539947291e+00
4.201804880583286383e+00
4.357120698308944995e+00
4.589459468591213565e+00
4.715302384579181272e+00
4.708682208085059884e+00
4.695681946349144376e+00
4.795336640298366149e+00
4.697862260210514229e+00
5.023983351683616760e+00
5.327273729324340401e+00
5.437303052043914953e+00
5.564205618596076874e+00
5.582514204406738401e+00
5.598219696092605169e+00
5.656051415276527550e+00
5.706693689227104294e+00
5.644013889551162677e+00
5.568410216927528467e+00
5.826571933889389321e+00
6.104307874298095626e+00
6.153387262105941780e+00
6.372905255365371779e+00
6.475125907135010017e+00
6.475801832938194558e+00
6.390258149123192233e+00
6.445418811750411869e+00
6.399621636605262509e+00
6.433750663256645019e+00
6.735938618183135773e+00
6.975345599031448351e+00
7.147857314157485931e+00
7.333029566001892263e+00
7.245252847290038822e+00
7.302664510416984278e+00
7.232421615505218782e+00
7.119754933142662168e+00
7.256534469056129311e+00
7.243701385664939707e+00
7.477399209523200696e+00
7.695726386570930444e+00
7.814026203584671038e+00
7.944941565465927447e+00
7.918977890634536720e+00
7.961505203199386926e+00
7.914374002099036964e+00
7.885613107752799777e+00
7.820879165220260276e+00
7.823081568598746927e+00
8.064463533735274581e+00
8.245485578155516748e+00
8.236149843335152099e+00
8.277137158489226820e+00
8.397404901885986206e+00
8.418578909206390293e+00
8.226276395273208308e+00
8.333554829883574655e+00
8.315554192686080981e+00
8.348745315241814069e+00
8.479648558855057416e+00
8.662624043893814019e+00
8.883392225408554665e+00
8.842018436479568422e+00
8.848597109222412271e+00
8.833847734594344914e+00
8.898838761329651348e+00
8.841528155493735497e+00
8.810752926063537771e+00
8.840691106581687109e+00
9.042478416323662671e+00
9.069571986913681272e+00
9.198036123490332727e+00
9.267441192531585159e+00
9.216321124768256823e+00
9.297597006225586824e+00
9.112642734622955487e+00
9.209378791642189199e+00
9.102486054754256983e+00
9.156960496544838790e+00
9.367381520032882491e+00
9.423047332596778958e+00
9.373838116073608617e+00
9.504811426758765336e+00
9.418682930111884843e+00
9.412584578180313244e+00
9.440951617050171052e+00
9.456584254789351718e+00
9.469810688829422674e+00
9.446651613354683619e+00
9.568382975268363566e+00
9.638924558997153724e+00
9.733467003464697953e+00
9.750539373087882211e+00
9.719476997613906377e+00
9.649901069188118186e+00
9.715377794837952052e+00
9.593615007400511985e+00
9.749022251820564477e+00
9.601613398742676608e+00
9.719418844413757697e+00
9.715431774950028299e+00
9.874151296973227687e+00
9.652742455387114617e+00
9.857507492637633817e+00
9.657795425796509292e+00
9.872826779127121810e+00
9.733112256932258788e+00
9.713852915644645591e+00
9.881097320032120379e+00
1.009935826239585843e+01
1.014147244358062672e+01
1.015278033003807145e+01
1.037867211086749997e+01
1.052853868620395694e+01
1.053645869188308737e+01
1.064706609435081397e+01
1.070192564477920527e+01
1.075816551535129584e+01
1.085513965753316867e+01
1.149516203643083578e+01
1.156877767858505202e+01
1.103595857516527090e+01
1.142016343548297819e+01
1.141854101738929828e+01
1.123036115365028387e+01
1.134249267457723676e+01
1.123033852825164836e+01
1.134454139895439084e+01
1.133252457251548684e+01
1.165679437706470445e+01
1.189547155569791848e+01
1.190925388280153285e+01
1.158744454928636536e+01
1.176666393349170647e+01
1.171002048701047826e+01
1.176840411708355028e+01
1.174149357028007579e+01
1.180617074247598630e+01
1.167880039170980488e+01
1.220794135520458212e+01
1.213742451633214969e+01
1.207467410600185431e+01
1.184405781680345449e+01
1.220524306325912534e+01
1.190646388505697217e+01
1.210671757531166115e+01
1.213171808133125218e+01
1.218444317103624286e+01
1.223962551155090317e+01
1.280745769538879308e+01
1.291300102350711754e+01
1.281569131619930246e+01
1.271340338006019621e+01
1.288909971123933751e+01
1.268727437722682971e+01
1.278859528667926782e+01
1.275260179711580300e+01
1.303830215511321988e+01
1.285564359626770070e+01
1.360255812882184934e+01
1.338742125408649386e+01
1.359753010336160628e+01
1.342230813046693783e+01
1.334264417328834540e+01
1.342234232292175378e+01
1.354655523444414200e+01
1.338817655636072246e+01
1.351996358973979895e+01
1.339013741637468335e+01
1.384265557587146844e+01
1.406512464349269820e+01
1.390483267838954973e+01
1.403998082664012870e+01
1.404772121992111167e+01
1.397150381416082432e+01
1.398252313296198857e+01
1.404770542790889820e+01
1.378902685673236839e+01
1.381626930184364355e+01
1.442519071584343848e+01
1.468942692494392332e+01
1.453825850526094499e+01
1.424512561556100820e+01
1.446443411606550278e+01
1.416860593314170913e+01
1.431288594998121333e+01
1.451040003253221577e+01
1.448409830228686346e+01
1.447058593749999922e+01
1.525006873919963901e+01
1.518639697647094700e+01
1.517676374113559667e+01
1.510720222491025844e+01
1.513331542223691883e+01
1.524874844701290044e+01
1.517581887444257660e+01
1.524482132799029266e+01
1.504453137112855998e+01
1.507892549500465407e+01
1.579270257298946412e+01
1.588179237468242633e+01
1.581834699980020531e+01
1.567826765114664944e+01
1.594306858215331957e+01
1.586123607330322294e+01
1.584844787998199500e+01
1.578884742052555090e+01
1.580946296110153249e+01
1.578900652099847868e+01
1.641627099522352395e+01
1.665995145310163394e+01
1.657938504837751381e+01
1.640337370829582042e+01
1.651346762422323167e+01
1.658053858265876812e+01
1.655499973044395290e+01
1.673407604607343657e+01
1.660952051913738359e+01
1.669632027559280374e+01
1.737984877821207164e+01
1.731240823357105185e+01
1.745455398381948342e+01
1.751053905189037252e+01
1.731757057695984869e+01
1.742078925607204454e+01
1.741312849597930779e+01
1.750888459050655399e+01
1.750974165410995553e+01
1.740690724782943732e+01
1.824947550085783021e+01
1.835379046976566286e+01
1.801361370773315329e+01
1.831602752325534667e+01
1.826377628040313894e+01
1.816461109338998625e+01
1.792808252408504543e+01
1.816264792044162846e+01
1.821258664759397661e+01
1.822911443433761747e+01
1.897724793453216563e+01
1.910630643906593207e+01
1.904848386824130912e+01
1.903381525244712691e+01
1.874638862660527394e+01
1.923273067338466547e+01
1.889880528687238836e+01
1.912472527604102979e+01
1.932338422622680696e+01
1.895564705380499504e+01
1.958122993140220558e+01
2.002487667071819288e+01
1.958907366019487384e+01
1.964787680914401946e+01
1.937135571467280215e+01
1.964569192961454291e+01
1.973450909128188968e+01
1.954505243837833461e+01
1.977208065687418070e+01
1.991190201296210205e+01
2.053046918264627507e+01
2.058412817527055694e+01
2.054973771464824850e+01
2.049300221690535651e+01
2.045138716711997873e+01
2.032353416392207279e+01
2.048398440775871165e+01
2.067237420617938071e+01
2.076948407018184639e+01
2.075051059743165993e+01
2.133823849678635654e+01
2.137381806266308004e+01
2.142524412243366072e+01
2.165487652857303758e+01
2.147591756927966955e+01
2.165295942380428329e+01
2.151476225250363328e+01
2.152914368954300883e+01
2.142384921199083436e+01
2.142762629173994071e+01
2.223683783875703668e+01
2.210616538853645352e+01
2.220495969867706165e+01
2.244747221037149387e+01
2.226850388167500583e+01
2.205025644069612056e+01
2.227660504573285749e+01
2.231035075797736766e+01
2.206661217190325175e+01
2.225206617427170386e+01
2.298555153585970245e+01
2.317007796947657994e+01
2.323239313158094888e+01
2.314081831077337270e+01
2.276520212787389852e+01
2.277015667777657626e+01
2.329078231402635524e+01
2.286878356370031895e+01
2.309586840659975948e+01
2.300091351039111487e+01
2.393551711470186660e+01
2.372913677061498205e+01
2.373665219080746169e+01
2.380987947649955672e+01
2.354042515851259054e+01
2.428247373059094016e+01
2.395104515723586047e+01
2.355556816095411676e+01
2.375714106953143911e+01
2.394613030374050311e+01
2.493630798987746289e+01
2.453301317632198320e+01
2.477340348941385884e+01
2.495389367870688346e+01
2.494189388384819139e+01
2.476110066381394859e+01
2.465699030278623027e+01
2.490071410333514379e+01
2.464596038811802714e+01
2.500918742516338966e+01
2.549373386155366816e+01
2.586652052302062543e+01
2.552759666201472299e+01
2.544532589589953275e+01
2.579590952572226570e+01
2.574453779352903382e+01
2.546086814964115774e+01
2.567103369622230602e+01
2.559254617190957148e+01
2.566585894924700284e+01
2.612610924386381939e+01
2.642406994875669568e+01
2.635399181873202323e+01
2.678662774292826754e+01
2.666738997052907933e+01
2.645241555906236286e+01
2.657339262260794754e+01
2.656385993285179126e+01
2.650561302715539824e+01
2.646221207686066634e+01
2.761319543977975854e+01
2.745044022966921204e+01
2.748732533133625822e+01
2.757195732264518639e+01
2.735546251506805504e+01
2.713129905332028713e+01
2.761156399929821603e+01
2.742052676203250883e+01
2.742440457988977442e+01
2.718941600595116626e+01
2.775500037414431631e+01
2.805401313841938915e+01
2.793446597269773335e+01
2.777757731761336402e+01
2.792368842401504381e+01
2.748411815339326836e+01
2.819515158575773128e+01
2.814284591044187422e+01
2.813600667067766281e+01
2.792845032735467115e+01
2.868885265817046104e+01
2.836484734740257352e+01
2.896277372299432784e+01
2.833057283749580435e+01
2.867088188979625585e+01
2.895811415410041789e+01
2.886702644791603234e+01
2.882635538023710353e+01
2.905859862756729228e+01
2.890309489476680582e+01
2.968261588368415715e+01
2.941822683805823502e+01
2.963089488246142977e+01
2.981711293140053698e+01
2.993266844485103917e+01
2.964375395677089742e+01
2.986592170472145114e+01
2.950198854191303255e+01
2.967319403070211337e+01
2.970881154594123430e+01
3.020001540155112707e+01
3.016244153372049297e+01
3.028988113054633047e+01
3.031887654990553926e+01
3.030689050540328111e+01
3.085457818969488031e+01
3.018818727138042490e+01
3.012278532459735914e+01
3.029700792421400379e+01
3.048995023458898146e+01
3.127673594286739700e+01
3.116950400238037133e+01
3.130366238734722018e+01
3.105951548302173748e+01
3.149546730796098615e+01
3.120743840852379947e+01
3.167022234275340864e+01
3.135822654776573160e+01
3.103733638522625071e+01
3.133261026607751987e+01
3.193151157882213553e+01
3.201449280683993948e+01
3.239027439053058544e+01
3.198224607391357566e+01
3.193534216921329616e+01
3.183826681485176024e+01
3.218602763373851872e+01
3.210673563947677422e+01
3.239861643896102805e+01
3.238431456438303258e+01
3.323998446674347207e+01
3.274393914189338517e+01
3.303840286297798201e+01
3.278553192549944129e+01
3.287270282490551665e+01
3.289913034272193926e+01
3.329356843603849114e+01
3.309846478872299258e+01
3.302442838230729194e+01
3.306300809550583608e+01
3.376943820524216022e+01
3.354696295032203324e+01
3.351593470790385965e+01
3.373906522908210803e+01
3.365130643899441054e+01
3.365805637545585682e+01
3.342466320319175566e+01
3.374695383005142446e+01
3.374802032904624838e+01
3.406125794663429218e+01
3.454098043942451568e+01
3.432612575006484690e+01
3.496894596691131341e+01
3.507622880954742328e+01
3.483754931478500083e+01
3.473887593870163215e+01
3.478959961819649038e+01
3.482288078403473008e+01
3.474297539701461801e+01
3.474352213320732119e+01
3.546358971495628509e+01
3.552253477077483979e+01
3.566220797424316657e+01
3.588773119449615479e+01
3.584450389909743961e+01
3.540212273864746351e+01
3.540472065935134793e+01
3.554111474475860888e+01
3.561879523239135636e+01
3.551188619413375847e+01
3.593162900962829553e+01
3.613599243583679055e+01
3.617813113842010608e+01
3.591825671243667273e+01
3.618628877134322863e+01
3.599956468391418696e+01
3.635846742362976158e+01
3.614743509845733627e+01
3.628258890724182351e+01
3.620797142047882033e+01
3.699847292661667097e+01
3.684384241418838712e+01
3.715647302160262910e+01
3.711985251483917381e+01
3.682388161363601853e+01
3.669132376604080292e+01
3.692272137374877872e+01
3.699504271202087580e+01
3.713935420751571570e+01
3.695658014163971217e+01
3.761959086999893032e+01
3.771262511787414695e+01
3.756140141916274899e+01
3.764833548583984424e+01
3.728440217971801474e+01
3.777605984058379818e+01
3.771507075614929505e+01
3.769396256380080956e+01
3.747467221546173022e+01
3.796474578542709111e+01
3.859865732107162728e+01
3.887774412727355866e+01
3.841752378292083847e+01
3.863384319982528581e+01
3.863958305406570304e+01
3.857063275718689255e+01
3.844671041841507275e+01
3.853687386960983474e+01
3.838453189229965545e+01
3.871543990888595488e+01
3.900733657512665076e+01
3.943594491539001723e+01
3.946585402488708638e+01
3.949195926284789948e+01
3.960187594966888724e+01
3.932405370759963859e+01
3.952388371324538952e+01
3.938661275701522868e+01
3.949064021577834893e+01
3.950785974483490293e+01
4.007285909433365134e+01
4.004828190088272066e+01
4.020753206186294904e+01
4.029917898321151881e+01
4.015141470041275085e+01
4.001172578563690507e+01
4.012944834327697663e+01
4.050685367202758869e+01
4.015720992450714277e+01
4.014355857486724943e+01
4.037355662736892725e+01
4.077332706985473720e+01
4.084168477382660001e+01
4.074740177440643407e+01
4.077460537929535178e+01
4.088154959068298666e+01
4.083085459327697464e+01
4.094261387939452845e+01
4.114142907495498491e+01
4.105878882360458704e+01
4.170820821952819557e+01
4.167782810144424133e+01
4.168486195840835506e+01
4.181896849298477292e+01
4.177093641672134083e+01
4.171741555500030785e+01
4.173280066528320020e+01
4.174521364793777423e+01
4.165191200456619214e+01
4.174488146476745953e+01
4.233172862281799098e+01
4.233296819896698082e+01
4.244498100204467761e+01
4.243508477325439543e+01
4.251329412155151033e+01
4.235065692882538002e+01
4.233302496871948506e+01
4.252620725345611419e+01
4.250246803512573024e+01
4.234685806760788296e+01
4.282776432113647758e+01
4.271669737653732568e+01
4.286657350425720381e+01
4.282988060207367198e+01
4.253668825378417750e+01
4.296224271736144829e+01
4.305175546588897362e+01
4.300839213123321514e+01
4.295198205280303938e+01
4.302980635890961025e+01
4.375632587318420264e+01
4.370721989898681414e+01
4.377370747585296584e+01
4.378571174697876245e+01
4.383301278285980374e+01
4.371396617488861125e+01
4.368275305576324286e+01
4.369315585823058967e+01
4.375689965057372888e+01
4.382209881515503014e+01
4.445562921428680170e+01
4.448134016208648944e+01
4.439867040863037317e+01
4.448039426593780377e+01
4.488888739967346453e+01
4.448846513481139908e+01
4.448642067642212083e+01
4.426043809680938779e+01
4.428501021156311168e+01
4.404048087577820070e+01
4.436429425430297613e+01
4.447421290779113434e+01
4.419292438049316729e+01
4.397416475572585881e+01
4.430877695808410976e+01
4.424580435085296415e+01
4.414819182529449648e+01
4.439876749324798766e+01
4.438882435131073123e+01
4.446447137374877911e+01
4.504637229728698600e+01
4.497262730369568118e+01
4.504476337604522485e+01
4.496305386600494103e+01
4.457903257236480954e+01
4.471362252788543401e+01
4.438027656192779347e+01
4.490883211402893238e+01
4.420908041286468659e+01
4.423326740579604888e+01
4.486640403614044459e+01
4.490105682411194010e+01
4.481011918563842755e+01
4.462576759386062974e+01
4.452737896585464483e+01
4.473867870340347253e+01
4.486890755662918195e+01
4.471894596796035870e+01
4.466681971569061460e+01
4.443830126581192275e+01
4.504113865327835242e+01
4.520238886156082003e+01
4.521270002346038552e+01
4.513789237852096647e+01
4.510763620738983093e+01
4.507534482851028201e+01
4.482944803295135472e+01
4.506585314750671500e+01
4.516204609804153591e+01
4.507739366245269963e+01
4.573175688095092539e+01
4.562348116588592717e+01
4.551038776378631923e+01
4.560603421087265019e+01
4.557588448238372791e+01
4.557152494134903264e+01
4.555971263837814433e+01
4.540233984289169200e+01
4.511166803131103364e+01
4.540498641805648816e+01
4.572703652915954819e+01
4.583106608066558607e+01
4.600335742511749260e+01
4.574732428960800235e+01
4.602266499433517311e+01
4.582846976890564150e+01
4.563081480379104704e+01
4.573199697132110941e+01
4.570902488384246709e+01
4.572361313600540456e+01
4.620406805477142598e+01
4.611406473445892118e+01
4.615244203071593887e+01
4.616902367076873759e+01
4.610852912759781219e+01
4.618440467338562172e+01
4.603684292068481199e+01
4.624220867023468173e+01
4.613044886150360213e+01
4.610417737703323127e+01
4.660695956077575630e+01
4.652127866392135758e+01
4.672213851432800169e+01
4.705518865480422619e+01
4.685954772987365402e+01
4.658518565616607532e+01
4.676835104084015171e+01
4.675277368459701677e+01
4.666673091297149512e+01
4.656232929229736328e+01
4.703311592426300081e+01
4.718628597793578905e+01
4.685491186027526567e+01
4.689969285173415869e+01
4.676328059358596789e+01
4.697856974925994678e+01
4.694463240909576740e+01
4.686012456560134609e+01
4.661862716922760086e+01
4.679763244948387069e+01
4.750402166576385810e+01
4.755044127674102583e+01
4.752454741058349441e+01
4.747276385698318535e+01
4.749139579095840702e+01
4.752340423250198143e+01
4.741344044256210566e+01
4.741353096179962279e+01
4.728582737188339280e+01
4.748959128007889063e+01
4.827149451293945503e+01
4.800533777580261585e+01
4.802841122226715243e+01
4.795367597703933882e+01
4.813298019189834775e+01
4.813999172220230349e+01
4.814476801223754876e+01
4.803904723348617267e+01
4.793364371089935361e+01
4.811084588146209740e+01
4.848909345865249776e+01
4.841117373332977536e+01
4.847178110990524402e+01
4.841499944734573546e+01
4.838033845500945773e+01
4.847151879062652569e+01
4.843466964159011923e+01
4.851630115213394134e+01
4.855132846860885820e+01
4.853472260303497166e+01
4.901778435173034865e+01
4.928894750852585105e+01
4.910594066820144832e+01
4.922733458347320834e+01
4.953805286045074752e+01
4.898751392412185623e+01
4.899181564035415448e+01
4.921955202522277517e+01
4.901089831447601597e+01
4.895898291749954012e+01
4.945812801780700596e+01
4.950275269784927445e+01
4.940069373140335074e+01
4.936338137722015063e+01
4.941146189994812232e+01
4.934189657030105280e+01
4.943167324924468886e+01
4.947274839696883930e+01
4.941594059848785747e+01
4.952730283126830813e+01
4.991277278757095104e+01
4.997404914245605312e+01
4.997443545780181751e+01
5.001074170989990364e+01
5.008184910516738597e+01
4.998334606847762984e+01
4.995412466011047314e+01
5.000926858682632314e+01
4.997098721761703644e+01
4.992502051124572660e+01
5.034793143291473427e+01
5.039815619640350519e+01
5.045351945352554424e+01
5.043503224220275882e+01
5.046078798236847263e+01
5.052800620574951296e+01
5.057027741594314563e+01
5.056594151697159134e+01
5.063369437255859395e+01
5.057305290517807350e+01
5.102830570878982286e+01
5.103265140371322417e+01
5.137166689329147573e+01
5.107353557777404518e+01
5.138292995519638140e+01
5.111072960758209405e+01
5.152933899536132856e+01
5.128794991569519368e+01
5.142008977327346742e+01
5.137292105236053175e+01
5.158218365001678762e+01
5.170156925640106493e+01
5.182066377973556826e+01
5.173020764656067172e+01
5.189338220214843744e+01
5.186728463935852318e+01
5.177954122562408656e+01
5.170463491325378413e+01
5.194499590530395494e+01
5.223646661663055113e+01
5.258367157516479296e+01
5.245522771644592552e+01
5.271663294868469052e+01
5.279586159744262375e+01
5.267760194931030071e+01
5.264619271507262965e+01
5.293067348232269609e+01
5.244452373065948336e+01
5.320740482730865750e+01
5.256897184677124102e+01
5.324845573921203368e+01
5.290593682823180899e+01
5.300737404098510552e+01
5.313696114902496248e+01
5.266208368892669966e+01
5.314381239776611210e+01
5.291406214065551694e+01
5.318061669731140029e+01
5.325530646171569771e+01
5.314526108837127794e+01
5.377413606643676758e+01
5.357706950302124227e+01
5.368206535530090662e+01
5.389933981342315406e+01
5.367425947628021277e+01
5.360942035503387615e+01
5.381233681793212753e+01
5.380027115135192872e+01
5.385427484512329244e+01
5.382911164932251324e+01
5.443162169132232719e+01
5.436848129024505738e+01
5.469069828186034954e+01
5.446400618820190687e+01
5.454030735321045142e+01
5.421802761974334572e+01
5.439129992408752656e+01
5.446744904956817379e+01
5.435613594303131180e+01
5.426971616191863745e+01
5.476215007457733464e+01
5.479191866111755616e+01
5.434504330444335807e+01
5.478205485267638863e+01
5.441832472534179743e+01
5.477393699245453007e+01
5.488469749488830729e+01
5.483740558032989298e+01
5.464048820247650440e+01
5.406157797145843347e+01
5.441993065376281891e+01
5.451291748752593946e+01
5.455248920612335439e+01
5.437501708087921060e+01
5.457818089790344374e+01
5.446384369564056271e+01
5.415277481613158983e+01
5.458979920043945100e+01
5.462246473865508989e+01
5.447478408164977992e+01
5.465182907085418407e+01
5.472101412563323919e+01
5.513028740673065187e+01
5.471588815002441208e+01
5.492828108940124565e+01
5.491491169471741074e+01
5.500557764072418365e+01
5.470604106369018638e+01
5.432849117355346635e+01
5.477035817394256867e+01
5.517821770687103111e+01
5.476409793777465751e+01
5.496061399803161862e+01
5.539368484516143809e+01
5.526031151351928372e+01
5.544775362834930377e+01
5.502321998310089413e+01
5.540304406261444115e+01
5.556469476413726483e+01
5.546743129291534302e+01
5.599980628070831301e+01
5.595537009029388287e+01
5.564946324710845715e+01
5.605331957149505939e+01
5.587830318622589232e+01
5.583500233726501705e+01
5.593271047782897654e+01
5.613113024139403961e+01
5.589466864089965981e+01
5.576912154521942000e+01
5.616526937656402652e+01
5.633794012069702006e+01
5.627627529678344587e+01
5.596772897701263361e+01
5.625707498779296856e+01
5.594570861701965470e+01
5.598494352855682621e+01
5.617203665924072453e+01
5.602388110485076567e+01
5.614567722702026487e+01
5.621181022567748897e+01
5.618351730461120752e+01
5.653476036376952862e+01
5.643462088031768786e+01
5.609918729782104663e+01
5.673520793495178083e+01
5.670552555351257240e+01
5.665808767280578451e+01
