6.649230316374450667e-02
6.649230316374450667e-02
6.649230316374450667e-02
6.649230316374450667e-02
6.649230316374450667e-02
6.649230316374450667e-02
6.649230316374450667e-02
6.649230316374450667e-02
6.649230316374450667e-02
6.649230316374450667e-02
6.649230316374450667e-02
6.649230316374450667e-02
6.649230316374450667e-02
6.649230316374450667e-02
6.649230316374450667e-02
6.649230316374450667e-02
6.649230316374450667e-02
6.649230316374450667e-02
6.649230316374450667e-02
6.649230316374450667e-02
6.649230316374450667e-02
6.649230316374450667e-02
6.649230316374450667e-02
6.649230316374450667e-02
6.649230316374450667e-02
6.649230316374450667e-02
6.649230316374450667e-02
6.649230316374450667e-02
6.649230316374450667e-02
6.649230316374450667e-02
6.649230316374450667e-02
6.649230316374450667e-02
6.649230316374450667e-02
6.649230316374450667e-02
6.649230316374450667e-02
6.649230316374450667e-02
6.649230316374450667e-02
6.649230316374450667e-02
6.649230316374450667e-02
6.649230316374450667e-02
6.649230316374450667e-02
6.649230316374450667e-02
6.649230316374450667e-02
6.649230316374450667e-02
6.649230316374450667e-02
6.649230316374450667e-02
6.649230316374450667e-02
6.649230316374450667e-02
6.649230316374450667e-02
6.649230316374450667e-02
6.649230316374450667e-02
6.649230316374450667e-02
6.649230316374450667e-02
6.649230316374450667e-02
6.649230316374450667e-02
6.649230316374450667e-02
6.649230316374450667e-02
6.649230316374450667e-02
6.649230316374450667e-02
6.649230316374450667e-02
6.649230316374450667e-02
6.649230316374450667e-02
6.649230316374450667e-02
6.649230316374450667e-02
6.649230316374450667e-02
6.649230316374450667e-02
6.649230316374450667e-02
6.649230316374450667e-02
6.649230316374450667e-02
6.649230316374450667e-02
6.649230316374450667e-02
6.649230316374450667e-02
6.649230316374450667e-02
6.649230316374450667e-02
6.649230316374450667e-02
6.649230316374450667e-02
6.649230316374450667e-02
6.649230316374450667e-02
6.649230316374450667e-02
6.649230316374450667e-02
6.649230316374450667e-02
6.649230316374450667e-02
6.649230316374450667e-02
6.649230316374450667e-02
6.649230316374450667e-02
6.649230316374450667e-02
6.649230316374450667e-02
6.649230316374450667e-02
6.649230316374450667e-02
6.649230316374450667e-02
6.649230316374450667e-02
6.649230316374450667e-02
6.649230316374450667e-02
6.649230316374450667e-02
6.649230316374450667e-02
6.649230316374450667e-02
6.649230316374450667e-02
6.649230316374450667e-02
6.649230316374450667e-02
6.649230316374450667e-02
6.649230316374450667e-02
6.649230316374450667e-02
6.649230316374450667e-02
6.649230316374450667e-02
3.573022892253473470e-01
8.245716444581746574e-01
1.124098479092866087e+00
1.367222799970209568e+00
1.159153264443576248e+00
1.081861973892152218e+00
1.034144369936734531e+00
1.097008482170104937e+00
1.050392120513319982e+00
9.919270777426659746e-01
1.207252979609370280e+00
1.174248260298371260e+00
1.149413122263550857e+00
1.384460326099395733e+00
1.048979519510269132e+00
1.174817360928654741e+00
1.204615470668673582e+00
1.408203910169005368e+00
2.382487774658203161e+00
2.321327190077304703e+00
2.417500357079505946e+00
2.717366793787479473e+00
2.833035833466052811e+00
2.546959700453281350e+00
2.605859231495857298e+00
2.802446617221832081e+00
2.482728658342361339e+00
2.775001231813430724e+00
2.541714708709716941e+00
2.515586848855018598e+00
2.710549656641483285e+00
2.635658379399776319e+00
2.793903755521774279e+00
2.622186974084377287e+00
2.294064929544925580e+00
2.755983166348934255e+00
2.581200221240520509e+00
2.881681830954551771e+00
2.702264479780197348e+00
2.488901723504066688e+00
2.458646865689754435e+00
2.601913827109336719e+00
2.610494988286495399e+00
2.790114287447929442e+00
2.635464430809021152e+00
2.675510162377357393e+00
2.707929376447200553e+00
2.671665192234516262e+00
2.553439637672901164e+00
2.583664753007888670e+00
2.617651050412654889e+00
2.523497487401962225e+00
2.634084140372276117e+00
2.632552101719379589e+00
2.489647986042499372e+00
2.733642568206787082e+00
2.681551095426082831e+00
2.591089034771919319e+00
3.507563124966621260e+00
3.744242799508571640e+00
3.935308566188812307e+00
3.699978264063596534e+00
3.943146302843093753e+00
3.507237584817409548e+00
3.832109715366363467e+00
3.826744896280765751e+00
3.896206954443454773e+00
3.776770880955457876e+00
3.847932399296760675e+00
3.628807737720012749e+00
3.804383074849844171e+00
3.868177637207508290e+00
3.707607252717018298e+00
3.937700475990772109e+00
3.732921035814285471e+00
3.927112574398517797e+00
3.897968708270788341e+00
3.795028361856937593e+00
3.718001072698831511e+00
3.771330083596706295e+00
3.843052117276191559e+00
3.856412146461010160e+00
3.748627783501148336e+00
3.781560804468393489e+00
3.739434806060791150e+00
3.767840306651592197e+00
3.784076833081245539e+00
3.761226092159748013e+00
3.862404580092430262e+00
3.789467182815074775e+00
3.711276748383045110e+00
3.898419443011283736e+00
3.739383153575658980e+00
3.767434318846464070e+00
3.806709307122230435e+00
3.891033588415384159e+00
3.726368571877479496e+00
3.674106182920932717e+00
4.600874927711486428e+00
5.028172520542145030e+00
4.591294043779373446e+00
4.625345249199867226e+00
4.852756586414575857e+00
4.741818629896640935e+00
4.723726912599802041e+00
4.668693402290344352e+00
4.715085133796930172e+00
4.614272678613662748e+00
4.707642007565498332e+00
4.720475485271215632e+00
4.770255415517091535e+00
4.826380761051177970e+00
4.671618375372887044e+00
4.691190539932250658e+00
4.709322079658508464e+00
4.719053626412152980e+00
4.785322394680976643e+00
4.772647474098205223e+00
4.659512016439437687e+00
4.599818628984690072e+00
4.806488432168960934e+00
4.751593071338533925e+00
4.689491198027133656e+00
4.686754671519994808e+00
4.775698711460829138e+00
4.720240777218341677e+00
4.716297895915806393e+00
4.715480230438709341e+00
4.750043934661150047e+00
4.776152343517542143e+00
4.787656962120532711e+00
4.754466973364353422e+00
4.753571743440628161e+00
4.794885456418991332e+00
4.728335129535198078e+00
4.752566614151001012e+00
4.774061764633655613e+00
4.771551560670137526e+00
5.976817661666870229e+00
5.892624029779434558e+00
5.704475867664814182e+00
5.623065913355350887e+00
5.696128152364492436e+00
5.723787216643988707e+00
5.724597952556609748e+00
5.749433641415834018e+00
5.534767755351960972e+00
5.650789473213255754e+00
5.685502865892648749e+00
5.653106752693653370e+00
5.698558560508489634e+00
5.738465690886974002e+00
5.674570111078024226e+00
5.709730145555734993e+00
5.764469269537925378e+00
5.662072994148731553e+00
5.648343090826273283e+00
5.693331754434108660e+00
5.775438641214370783e+00
5.694729520940780887e+00
5.684648135742545350e+00
5.727342933915555712e+00
5.862004151207208302e+00
5.746789366757869999e+00
5.845145030963420751e+00
5.848418029889464798e+00
5.757338559803367062e+00
5.925448564934730378e+00
5.819822154766320921e+00
5.776579322698712105e+00
5.798362601643800573e+00
5.827012744817137602e+00
5.819551053550839015e+00
5.751899087905884222e+00
5.703752234244346297e+00
5.804585828101634704e+00
5.747371083909273537e+00
5.827354469335078946e+00
6.848113458573818590e+00
6.838415289729833368e+00
6.845872034716606436e+00
6.592589542940259228e+00
6.850728459322452224e+00
6.732138282155990971e+00
6.764101552304625287e+00
6.836365397524833298e+00
6.838606011870503210e+00
6.805828474688530250e+00
6.714353621768951008e+00
6.913177409783005878e+00
6.778914503008127035e+00
6.734758411586284410e+00
6.763481410849094821e+00
6.804378604274988085e+00
6.825577534851431594e+00
6.758401833459735109e+00
6.713337768152356055e+00
6.845554328334331196e+00
6.772724919927120446e+00
6.789159950047731762e+00
6.777469933018088533e+00
6.830169696548581193e+00
6.588930209112167091e+00
6.697326514756679394e+00
6.735129095196723981e+00
6.732082475596666171e+00
6.837201354992389568e+00
6.788930050849914188e+00
6.800552207389474191e+00
6.783027170592546895e+00
6.750199678978323625e+00
6.686591800475120806e+00
6.743414600795507141e+00
6.669322095060348232e+00
6.986083793747424942e+00
6.760957522994280211e+00
6.878250034052133977e+00
6.891337855854630767e+00
7.830569108068942796e+00
7.963558364522457467e+00
7.971921238648891794e+00
7.988353144133091277e+00
8.041863828486203403e+00
7.954694874763489132e+00
8.003310303694009420e+00
8.048107621383666199e+00
7.891317261946201533e+00
7.915128843796253477e+00
7.920506463187932944e+00
8.041208140039444174e+00
8.075941844290495553e+00
8.163153554213046448e+00
8.052118022280930987e+00
7.990092288923263730e+00
7.982258353471755719e+00
7.997283950674534125e+00
8.162490284907818250e+00
8.422911814165114919e+00
8.065144940376281824e+00
8.116790659916400585e+00
8.142657159221172947e+00
7.925195875346660479e+00
7.911484910899400980e+00
7.858605183929205040e+00
7.873300359052419317e+00
8.018018939781189403e+00
7.847543066662550082e+00
7.891684218358993697e+00
7.911541119647026221e+00
7.879795039719343031e+00
7.890526770395040579e+00
7.951960959744453383e+00
7.951474587321281540e+00
7.816767012739181730e+00
7.915202411937714011e+00
7.917000288319587575e+00
7.844043573683499915e+00
7.752832583439349889e+00
8.551850665152072040e+00
8.542557927191257505e+00
8.525553793603181774e+00
8.457346827095747699e+00
8.526571681505441092e+00
8.554464850783348950e+00
8.356427301216125869e+00
8.567221784043312027e+00
8.580020988154410944e+00
8.550245684421062364e+00
8.459075987899304039e+00
8.636826009643078450e+00
8.698997927606106018e+00
8.545349592208863143e+00
8.528006271666288995e+00
8.583688331186770881e+00
8.562450654697418173e+00
8.503459273767472126e+00
8.525606448221207501e+00
8.582107066810131357e+00
8.709144934934377247e+00
8.534175226503609935e+00
8.731900757485627551e+00
8.636870087158680320e+00
8.672186977916956252e+00
8.691780185109376333e+00
8.687577054059506310e+00
8.814134838664530847e+00
8.759660525083541316e+00
8.994993718624115786e+00
8.850834402781725174e+00
8.735724274551868618e+00
8.773359264016152181e+00
8.859147632288932428e+00
8.700596080327034798e+00
8.587053228580952435e+00
8.828215327274799407e+00
8.690563416105508310e+00
8.552742696702480885e+00
8.888570776653290650e+00
9.827372073245047801e+00
9.823043633687495557e+00
9.695345936059950986e+00
1.009236533030271588e+01
9.893907518619299069e+00
9.901515332776307687e+00
9.831942787444591048e+00
9.892228160303831785e+00
9.945729965841771048e+00
9.947286586427688704e+00
9.847870552945137135e+00
9.871663027530908963e+00
9.969625031900406498e+00
9.764925536918640958e+00
9.858035127317904767e+00
9.980971863317488868e+00
9.881934965658187409e+00
9.919710845088959061e+00
9.894958504736424132e+00
9.826544221127033296e+00
9.940061508488655662e+00
9.927002724647522314e+00
9.924154405546188329e+00
9.950524262189865965e+00
9.948735399854182759e+00
9.964872450196743614e+00
9.958567957627773026e+00
9.982131745195388817e+00
9.930041120731830873e+00
9.930424996829032125e+00
9.939213665509223361e+00
9.942220673775672424e+00
9.928817768853903658e+00
1.004153892573118156e+01
1.002148299059867931e+01
9.887460613852740110e+00
9.900715604138374815e+00
9.896414379262923333e+00
1.003956393229961463e+01
9.936839933824538562e+00
1.074760991394519749e+01
1.077280475845336838e+01
1.072403220093250198e+01
1.069234505993127904e+01
1.078049215437173913e+01
1.091014641484022185e+01
1.093758580107688871e+01
1.082933758937120494e+01
1.067364782682657243e+01
1.097618170813322003e+01
1.081320443857908309e+01
1.076886566852331129e+01
1.077554251731634061e+01
1.091990947476625529e+01
1.093178477098941848e+01
1.068848866153955512e+01
1.073541953990459419e+01
1.097542746881246600e+01
1.077647012801170412e+01
1.069387568484544815e+01
1.096244329146146690e+01
1.094526237607002273e+01
1.082396671077012940e+01
1.104054277374744331e+01
1.105655806854963252e+01
1.106054724783301424e+01
1.089301760869026126e+01
1.088296459261179017e+01
1.079706365842819160e+01
1.120332652425766007e+01
1.087639039566516885e+01
1.113208463993072428e+01
1.105341386514902169e+01
1.086779376789927554e+01
1.073549404684305131e+01
1.089845646042823724e+01
1.091869058265686121e+01
1.086419088935851995e+01
1.101468088267445644e+01
1.109888485471010178e+01
1.198378670848011929e+01
1.178945894138812989e+01
1.209582140885591528e+01
1.183094975594878129e+01
1.207816036920547553e+01
1.194109417245388016e+01
1.200206145924329704e+01
1.160128378676176020e+01
1.200043280386924671e+01
1.191790785528421459e+01
1.214369409620761786e+01
1.217158434487581253e+01
1.232347579594850551e+01
1.219798051415681783e+01
1.249360457987785367e+01
1.227430845683813132e+01
1.223591567319631501e+01
1.242574364546537424e+01
1.215423058453798255e+01
1.221368923128843242e+01
1.233736515663862221e+01
1.219340684120655105e+01
1.230121765854358706e+01
1.204161557503938695e+01
1.211184434645175934e+01
1.212801925399303471e+01
1.218416736291646885e+01
1.229061159871816677e+01
1.225859741305112927e+01
1.209955948847532348e+01
1.220666804672479699e+01
1.216286478652954095e+01
1.222448606964349693e+01
1.237573088705539703e+01
1.216830781588554444e+01
1.232007845596075057e+01
1.236598628283739032e+01
1.229324520689248956e+01
1.197982784460782923e+01
1.221355350909233017e+01
1.314328486186265899e+01
1.308821982588768051e+01
1.318458751292228648e+01
1.319351948461532587e+01
1.295936072498559888e+01
1.336290705066919315e+01
1.285729228512048650e+01
1.304712947090864184e+01
1.297383767400980048e+01
1.270941017420291885e+01
1.290704280093908274e+01
1.267984333479404491e+01
1.250900100849270835e+01
1.264028365921974206e+01
1.282911289577484126e+01
1.272049129015207214e+01
1.260850168482065214e+01
1.284851775261163631e+01
1.274048090656399701e+01
1.296313100677728691e+01
1.295122339713573467e+01
1.300832896672487315e+01
1.288348186615109370e+01
1.296797000056505134e+01
1.318794485666751903e+01
1.269581072142124256e+01
1.289520137370228703e+01
1.269725301832556674e+01
1.312586050269603710e+01
1.308717019976377571e+01
1.291354585638046260e+01
1.292689553701877614e+01
1.294633537157774050e+01
1.307451473180055679e+01
1.292225441399812702e+01
1.298576433331966484e+01
1.299833204578161272e+01
1.301752632741928117e+01
1.296325867995023806e+01
1.290765373618602752e+01
1.396960067421197849e+01
1.352973934099674302e+01
1.363579845879077901e+01
1.353369840031862203e+01
1.352447495645284725e+01
1.342192897056341216e+01
1.349116121488809661e+01
1.365864826506376239e+01
1.344768803354501685e+01
1.353481826611757199e+01
1.342332317770123495e+01
1.348136287471056072e+01
1.352976999289989557e+01
1.355558831696510325e+01
1.357895285765528648e+01
1.361482379926443187e+01
1.342255110497474746e+01
1.358660439702272349e+01
1.339638718274831852e+01
1.353912178314328152e+01
1.372729654841423041e+01
1.338558641570210384e+01
1.368652553602457012e+01
1.316095626818537667e+01
1.325242620478272393e+01
1.341089472692012841e+01
1.331322663756608904e+01
1.331158801288008675e+01
1.334939885545968963e+01
1.349930248656272802e+01
1.314253829682469288e+01
1.370487627511620587e+01
1.320796588911414204e+01
1.346569165126085288e+01
1.383145059015750888e+01
1.356244362046718521e+01
1.347821895361542666e+01
1.361813601882457725e+01
1.347089629698395719e+01
1.327682332084178896e+01
1.420723952013254099e+01
1.416211141844987864e+01
1.405736726120710323e+01
1.408014942566156336e+01
1.442744942767023986e+01
1.406433359022140550e+01
1.413419432982802348e+01
1.415361469472646760e+01
1.425718203826546748e+01
1.433795569404959735e+01
1.441995946689248065e+01
1.449240365216732052e+01
1.411608875164985655e+01
1.426887750880122141e+01
1.415487483827471671e+01
1.418494089210033415e+01
1.382386284260749854e+01
1.423880247745513827e+01
1.395466248134970577e+01
1.381253049392104160e+01
1.397650973973274269e+01
1.408048876272439998e+01
1.393024117953777363e+01
1.398225080561637945e+01
1.375789127897620290e+01
1.386829806213974869e+01
1.392740400729179306e+01
1.419603689954876913e+01
1.427532249872684567e+01
1.389355692720413238e+01
1.424493347340822247e+01
1.387293685655593833e+01
1.406466741534471510e+01
1.411092298257350919e+01
1.392539754514694295e+01
1.377343976156711491e+01
1.395762011576890949e+01
1.364903971290588380e+01
1.376047018433809299e+01
1.411785839368104867e+01
1.470457778013944683e+01
1.505938205522298823e+01
1.520280172445774092e+01
1.553371448928117715e+01
1.560052979823350938e+01
1.552047889784574508e+01
1.546770889153480510e+01
1.547914814695119823e+01
1.544339436076879579e+01
1.542573798509836180e+01
1.552421109013557476e+01
1.531626101338863322e+01
1.555953622343540133e+01
1.554448685346841863e+01
1.542599789450168579e+01
1.557912026801109384e+01
1.533960889626741420e+01
1.555176629098653862e+01
1.539120454123020210e+01
1.571353432147502893e+01
1.544294912832975442e+01
1.544737345621585867e+01
1.528595695790052389e+01
1.513133067984581004e+01
1.522376293846368789e+01
1.522576189389228851e+01
1.527847044720649805e+01
1.505172026143073971e+01
1.535267310203313862e+01
1.523994422017335815e+01
1.545034658063650213e+01
1.533410702276229820e+01
1.567174811179637928e+01
1.529846893007755249e+01
1.540363992092609458e+01
1.548638648720979738e+01
1.554395187813043577e+01
1.551719153660535788e+01
1.542117463549375600e+01
1.552413769443035108e+01
1.649810845202207688e+01
1.659587164494991285e+01
1.657231255826950189e+01
1.644364810477495098e+01
1.634875560548305629e+01
1.660255542151928054e+01
1.657744998042583617e+01
1.610618110865354424e+01
1.639758454610109339e+01
1.625207389949560266e+01
1.624854881678819751e+01
1.610211435621976861e+01
1.609824279332161012e+01
1.620250609375238326e+01
1.616742347843646854e+01
1.618919076820612091e+01
1.607996557545661886e+01
1.619308736972809015e+01
1.620931745907068233e+01
1.620362168388366797e+01
1.610788309850692812e+01
1.618122748548984546e+01
1.566889057065248458e+01
1.610301798380613292e+01
1.599555184819698361e+01
1.634916668024063213e+01
1.629375940728187544e+01
1.622937278858423227e+01
1.623386100074052862e+01
1.600026705513000636e+01
1.586507911337614019e+01
1.622238755120039144e+01
1.608022409466505209e+01
1.598333067793846141e+01
1.627407964646816296e+01
1.608133497862815986e+01
1.605408976222276607e+01
1.582841743711233207e+01
1.595460171697139806e+01
1.595464798438549003e+01
1.677085591018200006e+01
1.681233872382640726e+01
1.672003497436046615e+01
1.697315023758411456e+01
1.686048815510272902e+01
1.689272201550006969e+01
1.676424643585681906e+01
1.698656362969875389e+01
1.691543707892894588e+01
1.670223144295215434e+01
1.700086408610344080e+01
1.705293644490242144e+01
1.676683384209871264e+01
1.683380414776802070e+01
1.688914182416200660e+01
1.682956457160711139e+01
1.693540215656757297e+01
1.672923909723758840e+01
1.676986923404932028e+01
1.690613388952017004e+01
1.698862632967233566e+01
1.695987566922903156e+01
1.696903206945657772e+01
1.685954902838468428e+01
1.676361711165904822e+01
1.670013899993896445e+01
1.662871798233985743e+01
1.656554261114597182e+01
1.661644300526380391e+01
1.672109217679500404e+01
1.681370925219059131e+01
1.673130459918975887e+01
1.662605717196464639e+01
1.659334741787910517e+01
1.656458077803850060e+01
1.629516549366712397e+01
1.647890880677699954e+01
1.646753517830372004e+01
1.650661194193363102e+01
1.637786821759939215e+01
1.709555637413263440e+01
1.719182413277626154e+01
1.733509018054008521e+01
1.738085994203090578e+01
1.730052204923629589e+01
1.744892665574550605e+01
1.739211266511678744e+01
1.738312469242811176e+01
1.747200708744525954e+01
1.744921613671779781e+01
1.756225077390670819e+01
1.758011287144422496e+01
1.753081977959871196e+01
1.770279454655647200e+01
1.766119180002212374e+01
1.757070048480033719e+01
1.775936581596135966e+01
1.782191615397930207e+01
1.780463780317306544e+01
1.733833313926458430e+01
1.736167508256435354e+01
1.725201738102435911e+01
1.720041194851398458e+01
1.691519490427970851e+01
1.716142750236988235e+01
1.725302230150699501e+01
1.698020144884586458e+01
1.706774450318813408e+01
1.723773992722034620e+01
1.717754777290820911e+01
1.717003628630638090e+01
1.712327635104656309e+01
1.723942879099845982e+01
1.711452832350730802e+01
1.731273021643161769e+01
1.743320764238834286e+01
1.749422059595584855e+01
1.750404030866623017e+01
1.758751670429706593e+01
1.742264021449089029e+01
1.825376855268478238e+01
1.836981594049930422e+01
1.835853422667980084e+01
1.829385803928375154e+01
1.835761099905967697e+01
1.823819090731143788e+01
1.832654229972362359e+01
1.790231119399070892e+01
1.824349854428768225e+01
1.824479352025985790e+01
1.827117324922084762e+01
1.816194985830783892e+01
1.839024077260494394e+01
1.834080708940028970e+01
1.817164031481742725e+01
1.848223022735118803e+01
1.826832369630336927e+01
1.830589166219234443e+01
1.830949442350864587e+01
1.839200600802898578e+01
1.819338080906867816e+01
1.824582390873432303e+01
1.821709931373596092e+01
1.820844372925758492e+01
1.847286788933277180e+01
1.834924878044128249e+01
1.828675977199077707e+01
1.837026118872165625e+01
1.832202988343238914e+01
1.833803845825195467e+01
1.841351056966781741e+01
1.823542025573253511e+01
1.819593568649291981e+01
1.821766299288272961e+01
1.833160936849117206e+01
1.819165090417861919e+01
1.825829215929508109e+01
1.826892797472476815e+01
1.821246148021221245e+01
1.831707172327041633e+01
1.911193938767910083e+01
1.914003732316493966e+01
1.917529955604076264e+01
1.912850755660533864e+01
1.905401201815605106e+01
1.915749674808979108e+01
1.912374043240547294e+01
1.919740644097328186e+01
1.911776869566440595e+01
1.912599721720218682e+01
1.918543506381511676e+01
1.920991639728546119e+01
1.904452540717124975e+01
1.910887485110759698e+01
1.921573666956424731e+01
1.886371696820259203e+01
1.872508501956462723e+01
1.868358174464702515e+01
1.900149967703819343e+01
1.893508757739067150e+01
1.881743965656757211e+01
1.898436806480884442e+01
1.890455980017185311e+01
1.877060714414119857e+01
1.910810956954956197e+01
1.902712259192466604e+01
1.888597084887027577e+01
1.891928547790050530e+01
1.878271614875793460e+01
1.881302067182064164e+01
1.890973900361061055e+01
1.887455228796005358e+01
1.887924151422977559e+01
1.894652901797294575e+01
1.889548031013011808e+01
1.900954967353343861e+01
1.892311029686927881e+01
1.894328217723369434e+01
1.886718767917156114e+01
1.897980956401825026e+01
2.005963501033782848e+01
1.991579931991100239e+01
1.985757780055999788e+01
1.977820198991298639e+01
1.932250154850482815e+01
1.939687350928783260e+01
1.926395838289260709e+01
1.920097608461379934e+01
1.914047353527545781e+01
1.927113170166015621e+01
1.949195908704995972e+01
1.932398068081140607e+01
1.922399923242330644e+01
1.947100568130016285e+01
1.960061999111175624e+01
1.933669311456680262e+01
1.949607508206367612e+01
1.930304530274867858e+01
1.922661846163272870e+01
1.882665867853164698e+01
1.890980594124793868e+01
1.890113588337898420e+01
1.893352737927436991e+01
1.896941280276775288e+01
1.898744131462574103e+01
1.896074350910186723e+01
1.905069589958191045e+01
1.898550577540397555e+01
1.897374027183055745e+01
1.921813863742351458e+01
1.900246122359037315e+01
1.885815205802917305e+01
1.890125367659330280e+01
1.874480661646127544e+01
1.897700106220245431e+01
1.884989341338872748e+01
1.899881573209762564e+01
1.893779240959882770e+01
1.899818313845396034e+01
1.900543425178527812e+01
1.984322017827033946e+01
1.989149146918058264e+01
1.976535391417741749e+01
1.954011309888363002e+01
1.959045603241920475e+01
1.952058686625957407e+01
1.940737139623164964e+01
1.960629410080909807e+01
1.963095267305374136e+01
1.957944043587446359e+01
1.962187143049240134e+01
1.937245109865665427e+01
1.967329353609084919e+01
1.926597437753677511e+01
1.950483324723243683e+01
1.952123377778530156e+01
1.973519841072559444e+01
1.968324441990852236e+01
1.985918457539081672e+01
1.952859143381118656e+01
1.955204034698009607e+01
1.962105958693027574e+01
1.979514452517032552e+01
1.969225679032802745e+01
1.993527053680420025e+01
1.971040918440818857e+01
1.973633154766559628e+01
1.973331508953571145e+01
1.974751989738941305e+01
1.979172613372802658e+01
1.972941280086040550e+01
1.980358450906276602e+01
1.978949129221439307e+01
1.980044311833381698e+01
1.986652822443246791e+01
1.991949303630590506e+01
1.992677430583238518e+01
1.993901073108911604e+01
2.009275567573309118e+01
2.044171847437620215e+01
2.137163765692710982e+01
2.131860125182867094e+01
2.087393092745542589e+01
2.098711950726509201e+01
2.131322930704355301e+01
2.113883571190833877e+01
2.105952638080120209e+01
2.107857462790012448e+01
2.115916327698230859e+01
2.094439160044193216e+01
2.124460432131290588e+01
2.099241806428432611e+01
2.101205033881664264e+01
2.072828705070018884e+01
2.107472369706630744e+01
2.095294391081333174e+01
2.102171646375656167e+01
2.113450514709949601e+01
2.078280465574264468e+01
2.080986454803943531e+01
2.105507833552360708e+01
2.090488867855071931e+01
2.109009292230605936e+01
2.119140224778652026e+01
2.124149990103244789e+01
2.130803750042915468e+01
2.123317615242004308e+01
2.136553706154823473e+01
2.141053041007518942e+01
2.148489050085544605e+01
2.137630235190391659e+01
2.124194660084247488e+01
2.127451212556362137e+01
2.153722380778789613e+01
2.155051179177760901e+01
2.151124412610530712e+01
2.154047981758117558e+01
2.152512244241237482e+01
