-1.283632960964023462e-01
-1.283632960964023462e-01
-1.283632960964023462e-01
-1.283632960964023462e-01
-1.283632960964023462e-01
-1.283632960964023462e-01
-1.283632960964023462e-01
-1.283632960964023462e-01
-1.283632960964023462e-01
-1.283632960964023462e-01
-1.283632960964023462e-01
-1.283632960964023462e-01
-1.283632960964023462e-01
-1.283632960964023462e-01
-1.283632960964023462e-01
-1.283632960964023462e-01
-1.283632960964023462e-01
-1.283632960964023462e-01
-1.283632960964023462e-01
-1.283632960964023462e-01
-1.283632960964023462e-01
-1.283632960964023462e-01
-1.283632960964023462e-01
-1.283632960964023462e-01
-1.283632960964023462e-01
-1.283632960964023462e-01
-1.283632960964023462e-01
-1.283632960964023462e-01
-1.283632960964023462e-01
-1.283632960964023462e-01
-1.283632960964023462e-01
-1.283632960964023462e-01
-1.283632960964023462e-01
-1.283632960964023462e-01
-1.283632960964023462e-01
-1.283632960964023462e-01
-1.283632960964023462e-01
-1.283632960964023462e-01
-1.283632960964023462e-01
-1.283632960964023462e-01
-1.283632960964023462e-01
-1.283632960964023462e-01
-1.283632960964023462e-01
-1.283632960964023462e-01
-1.283632960964023462e-01
-3.612090956950560205e-02
6.917303912844509350e-02
1.810957085795700527e-01
2.843426018599420901e-01
3.764291347309947078e-01
4.575146492257714526e-01
5.687986794739962049e-01
6.952503803551196571e-01
8.643864179700613271e-01
1.006660399746894807e+00
1.198582909536361596e+00
1.374851397323608504e+00
1.513437351596355507e+00
1.670880601185560144e+00
1.851622624629736036e+00
2.004277447718382010e+00
2.195112682819366334e+00
2.377088538765907089e+00
2.574298643326759173e+00
2.787072720348835020e+00
3.020375240242481052e+00
3.281624518954753711e+00
3.508119837701320520e+00
3.757324311280250573e+00
4.571461363947391554e+00
5.046744701409339839e+00
5.659133095049858397e+00
6.289424002528190449e+00
7.031607445645332355e+00
7.680969108295440329e+00
8.287933514237403543e+00
9.038214552378654787e+00
9.636636671161651790e+00
1.010849294128417952e+01
1.097088863697051941e+01
1.154265000991821211e+01
1.218288839321136408e+01
1.297794727067947385e+01
1.394947657833099441e+01
1.470230217647552529e+01
1.558879106082916266e+01
1.641385091691017095e+01
1.755181010370254668e+01
1.810705373582840139e+01
1.860746418185233964e+01
1.906181060590743925e+01
1.949475246639251580e+01
1.995852593965530275e+01
2.029701817502975558e+01
2.070638686180114618e+01
2.111859900741577079e+01
2.194815596513748091e+01
2.285248615722656140e+01
2.388710108661651788e+01
2.462700122003555236e+01
2.540273732938766571e+01
2.555464844913482736e+01
2.535089629001617340e+01
2.545262692375183278e+01
2.537632985792160056e+01
2.538841452569961632e+01
2.559227315673827974e+01
2.574590048255920394e+01
2.580042122478485211e+01
2.609878562574386507e+01
2.605457767858505136e+01
2.589026439495086507e+01
2.570960501785278396e+01
2.595089677858352673e+01
2.584140934534072898e+01
2.630681786961555346e+01
2.676631340603828590e+01
2.742468200874328588e+01
2.792394062023162959e+01
2.830556704387664624e+01
2.857249122171402078e+01
2.901615485277175921e+01
2.945882425384521497e+01
2.967867999420165859e+01
3.002676314554214443e+01
3.009441845154762163e+01
3.067462247440814949e+01
3.104777650525569754e+01
3.152554305758476261e+01
3.216889352738857610e+01
3.271557294602393995e+01
3.302904313960075200e+01
3.297390300381183437e+01
3.263719466314315554e+01
3.278716695126295377e+01
3.336602834033966047e+01
3.276368102598190291e+01
3.311334860038757455e+01
3.335535764312744078e+01
3.389371707653999266e+01
3.356274373956918566e+01
3.340705366809368115e+01
3.369860025563239958e+01
3.412787424058914354e+01
3.412305277976989970e+01
3.405220707952976511e+01
3.437807472200393732e+01
3.470294982323646593e+01
3.483225550110340407e+01
3.531944092178344619e+01
3.530021093811988919e+01
3.539322046756744555e+01
3.553470673027038629e+01
3.563513168935775610e+01
3.596767543206215123e+01
3.636400879878997472e+01
3.633825065693855549e+01
3.657455711603164872e+01
3.653709609298706340e+01
3.698813765449524027e+01
3.722986900227069640e+01
3.754803820900917088e+01
3.710432145378589297e+01
3.673932429100275243e+01
3.729915638239383924e+01
3.741187004909515679e+01
3.785905482835769931e+01
3.804970324721336539e+01
3.839774879753589687e+01
3.869063164925574938e+01
3.879004925441741847e+01
3.917572252597808813e+01
3.870556031289100929e+01
3.888691241111755659e+01
3.902669281015396052e+01
3.976161688628197055e+01
3.984808586773872463e+01
4.061979379782676602e+01
4.081268077840805120e+01
4.129478730630874850e+01
4.169199135093688824e+01
4.167230624408721695e+01
4.231382738311290836e+01
4.245921662485599768e+01
4.258060402708053260e+01
4.289413215143680702e+01
4.266217267513275146e+01
4.307730702791214128e+01
4.284945012787580509e+01
4.310015926132798114e+01
4.339528374861478710e+01
4.348624007683396542e+01
4.368031129958629322e+01
4.377112120370864545e+01
4.373559400435686229e+01
4.380792925406098703e+01
4.435169698989391662e+01
4.476126791610717959e+01
4.507258183689117459e+01
4.489744721746444611e+01
4.494999603514671094e+01
4.523109895670413749e+01
4.534746945676803875e+01
4.591649109444617949e+01
4.642073530602455378e+01
4.675920291364192849e+01
4.710407187728881695e+01
4.708919410982132092e+01
4.756017059602737618e+01
4.792147208166122141e+01
4.842243859643936332e+01
4.875102577199935894e+01
4.900669395923614502e+01
4.916836884772777694e+01
4.954844973430633814e+01
4.945648447217345023e+01
4.979179984574317785e+01
4.986011258793472933e+01
5.019097644912004341e+01
5.055622788982987714e+01
5.082888016538024090e+01
5.112801695160865734e+01
5.127972716150284072e+01
5.163979740242957917e+01
5.171051214519143002e+01
5.192393851349353895e+01
5.282635239648818981e+01
5.332113605823516878e+01
5.335688176546096884e+01
5.350393693399429651e+01
5.373839398479461948e+01
5.402392680163383432e+01
5.421695460618734330e+01
5.486580004308223835e+01
5.570435542979240751e+01
5.551465453996658539e+01
5.551197493991851672e+01
5.573579231467247297e+01
5.582294238824844257e+01
5.611161555299759129e+01
5.702774563760757331e+01
5.729721966793537291e+01
5.743601157407760383e+01
5.819283181242942504e+01
5.821116562833785935e+01
5.854430670776367407e+01
5.902978130295276316e+01
5.954623261356353936e+01
5.942570355097055312e+01
5.917345395770669114e+01
5.941996005338430109e+01
6.002971450375318341e+01
6.046244800059795210e+01
6.054434343941211694e+01
6.069369925003051947e+01
6.160031480364799705e+01
6.185642055058479372e+01
6.194550005322695085e+01
6.264304964723586977e+01
6.338338306789398047e+01
6.355673815714716568e+01
6.420124846873879676e+01
6.445218921508192977e+01
6.519798406625986331e+01
6.561391511830687762e+01
6.663661340512634013e+01
6.718661515166759557e+01
6.680373374975920342e+01
6.742007022394537330e+01
6.733551437464356582e+01
6.765678830623626538e+01
6.834850499429703063e+01
6.863603120079039854e+01
6.946409090013503373e+01
7.021800738725661972e+01
7.045562195310593268e+01
7.114190376925468229e+01
7.182302101044655274e+01
7.209254638273715443e+01
7.259395732803345425e+01
7.273250163204670571e+01
7.310643976557851431e+01
7.354308609339594227e+01
7.391135537279248524e+01
7.432585905219316658e+01
7.437881301434039472e+01
7.556482968643904030e+01
7.613323837824464135e+01
7.630464766969680568e+01
7.728637606731653875e+01
7.822869430388807643e+01
7.793589662915468352e+01
7.837495421032309650e+01
7.854076609736681291e+01
7.843475886611938108e+01
7.855779540179968023e+01
7.952847324749231461e+01
7.982530749461650998e+01
8.053064420957565517e+01
8.074879101505280232e+01
8.112409745117426496e+01
8.084954404758214253e+01
8.070365288829803774e+01
8.140921878399848310e+01
8.204541955505609963e+01
8.262184472259282586e+01
8.252625359697341878e+01
8.231897531485557806e+01
8.273830798120498287e+01
8.319390914382934454e+01
8.422247071744203595e+01
8.484480583162307710e+01
8.547783115839958157e+01
8.603264116272926287e+01
8.657010949046612325e+01
8.667059981862306017e+01
8.686589840393065742e+01
8.634253327827453006e+01
8.615258711876869313e+01
8.628905761969089383e+01
8.669769598808288436e+01
8.765863818399905938e+01
8.814140176618099076e+01
8.935276526641845862e+01
9.013070816261767959e+01
9.009895248544215463e+01
9.047541994891166439e+01
9.087294036042690948e+01
9.169292972443103906e+01
9.209563706189393884e+01
9.225918372126817246e+01
9.277279397218227075e+01
9.385945986322164458e+01
9.391591462150812220e+01
