4.604417765612481284e-01
4.604417765612481284e-01
4.604417765612481284e-01
4.604417765612481284e-01
4.604417765612481284e-01
4.604417765612481284e-01
4.604417765612481284e-01
4.604417765612481284e-01
4.604417765612481284e-01
4.604417765612481284e-01
4.604417765612481284e-01
4.604417765612481284e-01
4.604417765612481284e-01
4.604417765612481284e-01
4.604417765612481284e-01
4.604417765612481284e-01
4.604417765612481284e-01
4.604417765612481284e-01
4.604417765612481284e-01
4.604417765612481284e-01
4.604417765612481284e-01
4.604417765612481284e-01
4.604417765612481284e-01
4.604417765612481284e-01
4.604417765612481284e-01
4.604417765612481284e-01
4.604417765612481284e-01
4.604417765612481284e-01
4.604417765612481284e-01
4.604417765612481284e-01
4.604417765612481284e-01
4.604417765612481284e-01
4.604417765612481284e-01
4.604417765612481284e-01
4.604417765612481284e-01
4.604417765612481284e-01
4.604417765612481284e-01
4.604417765612481284e-01
4.604417765612481284e-01
4.604417765612481284e-01
4.604417765612481284e-01
4.604417765612481284e-01
4.604417765612481284e-01
4.604417765612481284e-01
4.604417765612481284e-01
4.604417765612481284e-01
4.604417765612481284e-01
4.604417765612481284e-01
4.604417765612481284e-01
4.604417765612481284e-01
4.604417765612481284e-01
4.604417765612481284e-01
4.604417765612481284e-01
4.604417765612481284e-01
4.604417765612481284e-01
4.604417765612481284e-01
4.604417765612481284e-01
4.604417765612481284e-01
4.604417765612481284e-01
4.604417765612481284e-01
4.604417765612481284e-01
4.604417765612481284e-01
4.604417765612481284e-01
4.604417765612481284e-01
4.604417765612481284e-01
4.604417765612481284e-01
4.604417765612481284e-01
4.604417765612481284e-01
4.604417765612481284e-01
4.604417765612481284e-01
4.604417765612481284e-01
4.604417765612481284e-01
4.604417765612481284e-01
4.604417765612481284e-01
4.604417765612481284e-01
4.604417765612481284e-01
4.604417765612481284e-01
4.604417765612481284e-01
4.604417765612481284e-01
4.604417765612481284e-01
4.604417765612481284e-01
4.604417765612481284e-01
4.604417765612481284e-01
4.604417765612481284e-01
4.604417765612481284e-01
4.604417765612481284e-01
4.604417765612481284e-01
4.604417765612481284e-01
4.604417765612481284e-01
4.604417765612481284e-01
4.604417765612481284e-01
4.604417765612481284e-01
4.604417765612481284e-01
4.604417765612481284e-01
4.604417765612481284e-01
4.604417765612481284e-01
4.604417765612481284e-01
4.604417765612481284e-01
4.604417765612481284e-01
4.604417765612481284e-01
4.604417765612481284e-01
4.604417765612481284e-01
4.604417765612481284e-01
4.604417765612481284e-01
4.604417765612481284e-01
4.604417765612481284e-01
4.604417765612481284e-01
5.747830201003700790e-01
6.834438789404928549e-01
8.290744049683212991e-01
9.711213216841221296e-01
1.130153427916765319e+00
1.318506327331066208e+00
1.463958710831403831e+00
1.616875597816705756e+00
1.796129559683799837e+00
1.992710080039501230e+00
2.239128820145130039e+00
2.471812126696109946e+00
2.614729963028430859e+00
2.791522794246673378e+00
2.966430445992946474e+00
3.103659328913688675e+00
3.330781823742389847e+00
3.539158226490020542e+00
3.697816002357006138e+00
3.914098705315590010e+00
4.139142264676094030e+00
4.382270865869521970e+00
4.608687670493125665e+00
4.947612233996391495e+00
5.306409247708320898e+00
5.605915328550338472e+00
5.919977202224731450e+00
6.325019721150398233e+00
6.585403153133392529e+00
6.915013456630706656e+00
7.229630447673797811e+00
7.595141469335556117e+00
7.942400723981857702e+00
8.325430904698372103e+00
8.630499952483177140e+00
8.908867178797722275e+00
9.027276002287864642e+00
9.261611125016212753e+00
9.349390371274948208e+00
9.454099240255356307e+00
9.656416318631171336e+00
9.750127147126198324e+00
9.792864312100411084e+00
9.855245847868919995e+00
9.870045108938217737e+00
9.876557019162177653e+00
9.868732894873618378e+00
9.853549080371855950e+00
9.855275302815437399e+00
9.846771377182006901e+00
9.831163487720489869e+00
9.841116952919959360e+00
9.876375593137741049e+00
9.917358123970032580e+00
9.895389860486984546e+00
9.887383392763137380e+00
9.911224708843231923e+00
9.953512894701956881e+00
9.997386639285087639e+00
1.002804180130958578e+01
9.994776029300689757e+00
1.007500675668716461e+01
1.001766412489414293e+01
1.005388960144519750e+01
1.007739961769580894e+01
1.009120418376922679e+01
1.013634996688365852e+01
1.014786226594448060e+01
1.019810826108455615e+01
1.023862460391521445e+01
1.027182022168636344e+01
1.036586474096775135e+01
1.026672368946075409e+01
1.032298435652256074e+01
1.027552348635196644e+01
1.024918469383716513e+01
1.031742244868278569e+01
1.038460388574600302e+01
1.035238622982502044e+01
1.040014166257381412e+01
1.035772162687778497e+01
1.034272528364658328e+01
1.031373798890113846e+01
1.031068936975002259e+01
1.035831215269565497e+01
1.035774859457015928e+01
1.038458793709278183e+01
1.036253915088176747e+01
1.038619945273399381e+01
1.028073762974739047e+01
1.050382860918045047e+01
1.052894797313213360e+01
1.046298314490318226e+01
1.042235880427360506e+01
1.033203173551559395e+01
1.028908098363876356e+01
1.025183690738677988e+01
1.022988765392303456e+01
1.014486874299049290e+01
1.014289346699714578e+01
1.010555932157039649e+01
1.010640364148616754e+01
1.012188305773735131e+01
1.012536597406864125e+01
1.011839731400012887e+01
1.016901707468032789e+01
1.013742113602161332e+01
1.011186709828376706e+01
1.015940756611824014e+01
1.016574348458051702e+01
1.023020438597202286e+01
1.016455156353712042e+01
1.025735061068534826e+01
1.024227956377267823e+01
1.023556607015132869e+01
1.020920834882259420e+01
1.017936157785654139e+01
1.020413044667243874e+01
1.012106304528713174e+01
1.013381033778190599e+01
1.006725556634664542e+01
1.011348331587314675e+01
1.004174341422319472e+01
1.010237360607385604e+01
1.003101342761516612e+01
1.012871341646909684e+01
1.008812961059808799e+01
1.012547635486125941e+01
1.015868835853338226e+01
1.022011390331983627e+01
1.024143904088735546e+01
1.032172320358753126e+01
1.076504275624752083e+01
1.116222818543911011e+01
1.140098987890482007e+01
1.152558291416168146e+01
1.194040549116134642e+01
1.230867348999977118e+01
1.239654330073595112e+01
1.269778989720344597e+01
1.337552244628667886e+01
1.392327323477268131e+01
1.406911473855972261e+01
1.440384974567890097e+01
1.477112849495410885e+01
1.509144394706487624e+01
1.502683242454528845e+01
1.580069971793293959e+01
1.572996793518066383e+01
1.552403877441287072e+01
1.556805418919324957e+01
1.617608866263627831e+01
1.620965628561973659e+01
1.616745132468938806e+01
1.640183686553239895e+01
1.688577668659090847e+01
1.696791422057151877e+01
1.651979187413454042e+01
1.723938861774206188e+01
1.768142098996043288e+01
1.686494777431488146e+01
1.634559012177586723e+01
1.697543786613941208e+01
1.705041620867252306e+01
1.712417887027263674e+01
1.710241521561145817e+01
1.707069093747139021e+01
1.693377696390151854e+01
1.733189869182109888e+01
1.756691229865550952e+01
1.754464408574104439e+01
1.772232711994648113e+01
1.798584416582584211e+01
1.823499483531713494e+01
1.818860305211543960e+01
1.878857354757785814e+01
1.855883790822029056e+01
1.903702295095920505e+01
1.883509370728731014e+01
1.922422076158523652e+01
1.913266033321619020e+01
1.984752581371068914e+01
1.978779127545356786e+01
2.030670845634937294e+01
2.042455232725143333e+01
2.127340352475643215e+01
2.118813102083504063e+01
2.194982138287723217e+01
2.165638135992288582e+01
2.228713711688816446e+01
2.268895816820263889e+01
2.344154683021307051e+01
2.373725599983036361e+01
2.453680854853391580e+01
2.459024325876236006e+01
2.532771271057129070e+01
2.560005954086780378e+01
2.668407263851165823e+01
2.653392164726257363e+01
2.706804854021072515e+01
2.749822843079567036e+01
2.832596501283645551e+01
2.834131394090652378e+01
2.873321137928962798e+01
2.916326267452240018e+01
2.984064672174453747e+01
3.052269159812927413e+01
3.089537939286232060e+01
3.146285252370834229e+01
3.192060276088714588e+01
3.231227654685974215e+01
3.293185784473418920e+01
3.320185244903564126e+01
3.387714463157653455e+01
3.364743146905899351e+01
3.380532195825576736e+01
3.445221748781204241e+01
3.517822008237838816e+01
3.510559459733963195e+01
3.574191671724319264e+01
3.581801320581435988e+01
3.636978286867141463e+01
3.675741250915527303e+01
3.725818272714614920e+01
3.752315227689742727e+01
3.815996115617752338e+01
3.839466330738067512e+01
3.908615539779663095e+01
3.913225549840927187e+01
3.971017137947082176e+01
3.979067622013091921e+01
4.069560261249542066e+01
4.020701637239456261e+01
4.097055796298980823e+01
4.055866713857651007e+01
4.098969135322570878e+01
4.131605402660370174e+01
4.218234474468231099e+01
4.164299348077773999e+01
4.192105313224792695e+01
4.207356407737731985e+01
4.261504716758727795e+01
4.249682367124557203e+01
4.297130614519119263e+01
4.337783780231475816e+01
4.404980029773712147e+01
4.387677458734512470e+01
4.437648881149291924e+01
4.467087726364135847e+01
4.525063488998413419e+01
4.557038471069336083e+01
4.619110853672027872e+01
4.626807310390472594e+01
4.700478692378997891e+01
4.727789164600372374e+01
4.788776880950927506e+01
4.811097217216491373e+01
4.880479372310638553e+01
4.924974100055694493e+01
5.000111371192932097e+01
5.001340208778381680e+01
5.063054661121368127e+01
5.047772001724243296e+01
5.103475389518737870e+01
5.117206192245483720e+01
5.188932156696319709e+01
5.134692662658691376e+01
5.179198690662384053e+01
5.172462270755767832e+01
5.208563936958312723e+01
5.262789900074005089e+01
5.277328743801116673e+01
5.256671028518676536e+01
5.308318766841888703e+01
5.295913944892883052e+01
5.301655116577148164e+01
5.327420403938293703e+01
5.380651607437133777e+01
5.384754608421325628e+01
5.436355758285522199e+01
5.440845317611694298e+01
5.492970940513610856e+01
5.483347436790466389e+01
5.513861751937866273e+01
5.477548325119018813e+01
5.508657503166198666e+01
5.465794011077881009e+01
5.487477405052185020e+01
5.521570846176147285e+01
5.556438274917602627e+01
5.579772145290375107e+01
5.606925514888763473e+01
5.623881195564270286e+01
5.657377364845275736e+01
5.650631561641693423e+01
5.702970106945037543e+01
5.658753151378631685e+01
5.713377566757202430e+01
5.645857036323547362e+01
5.675886970882415739e+01
5.712218653774261412e+01
5.737662676086425506e+01
5.747116873016357630e+01
5.785494952011108438e+01
5.827766122722625397e+01
5.828394869155884095e+01
5.873784363784790230e+01
5.917012902412414377e+01
5.916425377979278721e+01
5.983085843505859458e+01
5.996237223510742353e+01
5.958698004264831383e+01
6.000224861526488951e+01
6.028207648124694629e+01
5.989201175155639589e+01
6.018308094081878323e+01
6.026629808769226315e+01
6.031081729373931921e+01
6.015589223022460885e+01
6.043383507633209462e+01
6.021706730995177992e+01
6.063869279117584199e+01
6.002441003322601176e+01
5.993037009067535337e+01
6.014684122467041050e+01
6.002384114971160756e+01
5.997426561908721965e+01
5.988881505241393910e+01
5.993254928112030200e+01
5.995587893486023034e+01
5.994662873659133595e+01
6.026296748094559064e+01
6.005734939956665386e+01
6.077483943691253643e+01
6.038965010118484145e+01
6.033874390997886650e+01
6.035244133042097303e+01
6.123100862188339022e+01
6.038418034303188620e+01
6.009463985648154960e+01
6.020996938066780757e+01
5.995127148575186737e+01
6.025793627478480374e+01
6.071762883105873954e+01
6.044644046685695571e+01
6.043560614274740317e+01
6.095068022356629456e+01
6.158240491701960906e+01
6.138008292896747520e+01
6.171754450888633414e+01
6.180652659626007051e+01
6.219571557054519673e+01
6.227730184206962605e+01
6.268361002302169993e+01
6.261842084503173567e+01
6.313821880478858617e+01
6.338420401105880586e+01
6.394482682628631665e+01
6.417088218421936574e+01
6.475672529239653841e+01
6.448186141824722029e+01
6.494408314990997155e+01
6.493448324794769633e+01
6.557403361377716067e+01
6.567944675264358523e+01
6.615127439746856908e+01
6.642595067071914627e+01
6.716749682588577741e+01
6.669560305128096900e+01
6.718437926769256308e+01
6.730902820148467924e+01
6.727298632411957158e+01
6.766679229793548700e+01
6.786243716192245756e+01
6.811130517578125421e+01
6.842190923767090283e+01
6.868540236063003590e+01
6.911715831403732579e+01
6.924623250885009895e+01
6.920064466581344220e+01
6.939321787929534935e+01
6.977104070816039894e+01
6.964610324554443821e+01
7.019924696903228778e+01
7.032441819267272365e+01
7.064682407512664497e+01
7.063593546419143365e+01
7.080150552587508628e+01
7.095487167520522576e+01
7.110216036911010917e+01
7.128015645484924789e+01
7.151169454784393054e+01
7.183365530939101973e+01
7.201632492771148009e+01
7.207989849643706748e+01
7.212428872404098001e+01
7.208342980146407797e+01
7.196234271354674661e+01
7.239796088695526066e+01
7.237877056217193683e+01
7.251765696544647710e+01
7.269567316455841421e+01
7.265384798431396973e+01
7.282704886207579875e+01
7.290085145912171072e+01
7.310129115161895186e+01
7.300343672790526739e+01
7.308219162769317734e+01
7.328086530475616200e+01
7.357991448955536384e+01
7.322958923835754774e+01
7.357641470737456757e+01
7.345066218395233193e+01
7.327621511306762159e+01
7.337454108333587044e+01
7.343806984710693087e+01
7.340782775745391575e+01
7.365527325134277703e+01
7.366879041099548431e+01
7.390852058219910248e+01
7.353322253570556200e+01
7.353780104408264151e+01
7.380804120597839812e+01
7.419005253639221564e+01
7.415307125091553075e+01
7.432051714210510340e+01
7.440178967857360703e+01
7.467385152740477849e+01
7.446150987968444213e+01
7.443362272186278972e+01
7.416601009216309137e+01
7.422244034576415572e+01
7.420878110694884811e+01
7.453253979835510279e+01
7.443469473228454092e+01
7.459579344367980980e+01
7.423735106697083097e+01
7.434217237892150365e+01
7.460578098220825893e+01
7.416543614044189781e+01
7.412515689029693533e+01
7.387851177425385174e+01
7.321633410854339274e+01
7.256409335002899752e+01
7.099019971752166214e+01
7.079550888881684045e+01
7.065029405536651552e+01
6.986930508184433108e+01
6.961279573063850989e+01
6.964568967268466793e+01
6.899247987768650603e+01
6.902189902009963873e+01
6.849260473501682611e+01
6.886917448437213807e+01
6.887846304886937787e+01
6.876558792035579870e+01
6.861051009696126357e+01
6.906429636619091639e+01
6.941551589117050014e+01
6.910489159832000894e+01
7.054981140928268246e+01
7.089972296175956501e+01
7.035765349202155505e+01
7.036601870632171085e+01
7.046014602334498989e+01
6.987173396358490152e+01
7.009954249448776409e+01
7.069458361606598373e+01
7.056057062664031321e+01
7.013555287513733560e+01
7.093105734901428150e+01
7.120774031066893883e+01
7.126939611415862430e+01
7.074743006458282935e+01
7.190658765630722371e+01
7.176571635541915839e+01
7.205435927076339908e+01
7.222297545814514308e+01
7.264175661001205242e+01
7.300763198747634419e+01
7.254416717710495277e+01
7.220204747467040818e+01
7.290348227920532054e+01
7.266235333271026775e+01
7.325442172842025457e+01
7.326100628705025031e+01
7.352996677627562860e+01
7.457541749467850423e+01
7.427030210952759148e+01
7.473456587562560571e+01
7.449070762777328980e+01
7.514435116152763783e+01
7.518828838787078439e+01
7.505769748535156793e+01
7.580872731180191693e+01
7.598080635089874590e+01
7.630186386756896866e+01
7.664718646793365053e+01
7.680092068071365929e+01
7.715069009952544832e+01
7.695997751197815262e+01
7.743626484155655021e+01
7.736447722806930472e+01
7.753545915498733621e+01
7.772995280179976874e+01
7.822904661378861135e+01
7.816899395027161290e+01
7.864384196252822790e+01
7.857675762777328998e+01
7.930446552867888954e+01
7.913739778556823978e+01
7.893984888610839334e+01
7.902594721469878891e+01
7.956105561389922798e+01
7.962904121065139407e+01
8.015475039997100737e+01
7.981334223995209243e+01
8.053884256343842196e+01
8.026672619171142742e+01
8.033345236816406043e+01
8.056014833259582986e+01
8.086799734315872001e+01
8.087577807092667115e+01
8.157642543210982922e+01
8.177175649690627779e+01
8.181028706102371473e+01
8.205374345884322906e+01
8.221995649900436831e+01
8.233957571544647180e+01
8.270586656198501885e+01
8.303923145351410540e+01
8.329160190162659205e+01
8.338461437120437836e+01
8.360819992513656018e+01
8.358457624044417855e+01
8.389428237190246307e+01
8.366650123252868809e+01
8.392191190958023128e+01
8.283803799085616504e+01
8.331767944946288651e+01
8.288119257397652007e+01
