3.405617657936236414e-02
3.405617657936236414e-02
3.405617657936236414e-02
3.405617657936236414e-02
3.405617657936236414e-02
3.405617657936236414e-02
3.405617657936236414e-02
3.405617657936236414e-02
3.405617657936236414e-02
3.405617657936236414e-02
3.405617657936236414e-02
3.405617657936236414e-02
3.405617657936236414e-02
3.405617657936236414e-02
3.405617657936236414e-02
3.405617657936236414e-02
3.405617657936236414e-02
3.405617657936236414e-02
3.405617657936236414e-02
3.405617657936236414e-02
3.405617657936236414e-02
3.405617657936236414e-02
3.405617657936236414e-02
3.405617657936236414e-02
3.405617657936236414e-02
3.405617657936236414e-02
3.405617657936236414e-02
3.405617657936236414e-02
3.405617657936236414e-02
3.405617657936236414e-02
3.405617657936236414e-02
3.405617657936236414e-02
3.405617657936236414e-02
3.405617657936236414e-02
3.405617657936236414e-02
3.405617657936236414e-02
3.405617657936236414e-02
3.405617657936236414e-02
3.405617657936236414e-02
3.405617657936236414e-02
3.405617657936236414e-02
3.405617657936236414e-02
3.405617657936236414e-02
3.405617657936236414e-02
3.405617657936236414e-02
3.405617657936236414e-02
3.405617657936236414e-02
3.405617657936236414e-02
3.405617657936236414e-02
3.405617657936236414e-02
3.405617657936236414e-02
3.405617657936236414e-02
3.405617657936236414e-02
3.405617657936236414e-02
3.405617657936236414e-02
3.405617657936236414e-02
3.405617657936236414e-02
3.405617657936236414e-02
3.405617657936236414e-02
3.405617657936236414e-02
3.405617657936236414e-02
3.405617657936236414e-02
3.405617657936236414e-02
3.405617657936236414e-02
3.405617657936236414e-02
3.405617657936236414e-02
3.405617657936236414e-02
3.405617657936236414e-02
3.405617657936236414e-02
3.405617657936236414e-02
3.405617657936236414e-02
3.405617657936236414e-02
3.405617657936236414e-02
3.405617657936236414e-02
3.405617657936236414e-02
3.405617657936236414e-02
3.405617657936236414e-02
3.405617657936236414e-02
3.405617657936236414e-02
3.405617657936236414e-02
3.405617657936236414e-02
2.558581373309716800e-01
3.504566267378628197e-01
4.181088265882805244e-01
4.807075069740414652e-01
5.363192456377670059e-01
5.780748778868466387e-01
6.144917158134282076e-01
6.414601618569344410e-01
6.680521205011755725e-01
7.021794511683284723e-01
7.365119404755532395e-01
7.700834938153624520e-01
8.182320157453417675e-01
8.760435428589582463e-01
9.266238148540258956e-01
9.685090454816818184e-01
1.005321989941597050e+00
1.031349900856614044e+00
1.033481346137821610e+00
1.029951399740576701e+00
1.036112825368344703e+00
1.285325423178076854e+00
1.574033533221483205e+00
1.744543073976039915e+00
1.796818677842616951e+00
1.854711749124527076e+00
1.918611954569816591e+00
1.945295787829160794e+00
1.941971572744846330e+00
1.935821199184656116e+00
1.883572289806604294e+00
1.891329020106792491e+00
1.897072895282506888e+00
1.928551096624135930e+00
1.925871088117361074e+00
1.919940984058380096e+00
1.953975397640466793e+00
1.986188333863019961e+00
2.002507104593515219e+00
2.046033044159412562e+00
2.052679298895597526e+00
2.046839276474714087e+00
2.072709444075822915e+00
2.114729261100292135e+00
2.163743436187505864e+00
2.152874598550796659e+00
2.157208081513643183e+00
2.236426068991422600e+00
2.199430182391405086e+00
2.185080184203386455e+00
2.142355964928865486e+00
2.125273460149764926e+00
2.145832966595888180e+00
2.255360434228181887e+00
2.275888637030124784e+00
2.306008914148807598e+00
2.297251377153396668e+00
2.213670541489124233e+00
2.168664661031961316e+00
2.118368949222564801e+00
2.175346741986274868e+00
2.321541604930162261e+00
2.370992353796959051e+00
2.185096883004904011e+00
2.094996573024987985e+00
2.176830406093597237e+00
2.227874774050712769e+00
2.180922116583585701e+00
2.222419987726211410e+00
2.375216715872287665e+00
2.424333949530124599e+00
2.335403148776292959e+00
2.233804011189937544e+00
2.229308279353380051e+00
2.262568633699417298e+00
2.253150950378179473e+00
2.295420445132255516e+00
2.358755957072973253e+00
2.298287981981038897e+00
2.208188926923274842e+00
2.226637722945213227e+00
2.256329467624425877e+00
2.333354692906141281e+00
2.403689418530464028e+00
2.394298437845706840e+00
2.264650052273273317e+00
2.274625981563329624e+00
2.294440444266796053e+00
2.329575315910577871e+00
2.250355300199985642e+00
2.288908216243982441e+00
2.338223657423257773e+00
2.370361264878511509e+00
2.351683037424087352e+00
2.341724934315681406e+00
2.359442939603328515e+00
2.321579501950740809e+00
2.308549942719936521e+00
2.337490661966800776e+00
2.307227333158254456e+00
2.300620595771074139e+00
2.366557405680417947e+00
2.367238176977634279e+00
2.346041541028022870e+00
2.332726718193292470e+00
2.274982586348056834e+00
2.310197896009683394e+00
2.300697636109590327e+00
2.315531270903349093e+00
2.298883050173520903e+00
2.334589143395423783e+00
2.365294938737153796e+00
2.345511335629224980e+00
2.344150436145067129e+00
2.308596786946058188e+00
2.277989093577861723e+00
2.348113698738813593e+00
2.433756685233116279e+00
2.332858828848600297e+00
2.289892394495010475e+00
2.273559296172857458e+00
2.634334555256366617e+00
2.993145179629325803e+00
3.055189404582977275e+00
3.164524279963970343e+00
3.336606708943843813e+00
3.357242853367328639e+00
3.348921721470356161e+00
3.429926505362987488e+00
3.509064231181144855e+00
3.522179452741146299e+00
3.476884681463241478e+00
3.497605292165279600e+00
3.514813563549518793e+00
3.485888296639919393e+00
3.504128455090522731e+00
3.510927400863170789e+00
3.513002234196662688e+00
3.514547049760818442e+00
3.487537328040599682e+00
3.521420160686969947e+00
3.488638824415207118e+00
3.547699519968032789e+00
3.525127222752570955e+00
3.488242320954799691e+00
3.495902953481674125e+00
3.555229228794574592e+00
3.561828312504291549e+00
3.471697384369373474e+00
3.454815600788593510e+00
3.466467141127586249e+00
3.511163628411293036e+00
3.516243511295318758e+00
3.504387404203415102e+00
3.528978250181674881e+00
3.505268821275234092e+00
3.486147188818454534e+00
3.518198885858058844e+00
3.511224806487560191e+00
3.484591196179390060e+00
3.485027553188800642e+00
3.461227618455887001e+00
3.516929615330695924e+00
3.511852341187000182e+00
3.515972565472126110e+00
3.466356788849830561e+00
3.466976077103614884e+00
3.498339800858497828e+00
3.494134079134464166e+00
3.442869242131710195e+00
3.463162056767940644e+00
3.487500732696056538e+00
3.513416506719589272e+00
3.490360940611362484e+00
3.460317540371418144e+00
3.499169683849811641e+00
3.489467413401603491e+00
3.436211228632926939e+00
3.461993949794769154e+00
3.529156712198257662e+00
3.443717442035675091e+00
3.435929090547561682e+00
3.470765001988410869e+00
3.450704244518279840e+00
3.469722644877433648e+00
3.506849476361274753e+00
3.451798898792266979e+00
3.489003776800632561e+00
3.505288510298728788e+00
3.449551392662525195e+00
3.461037621712684587e+00
3.440781728017330288e+00
3.470142980730533733e+00
3.460344613134861191e+00
3.463691665911674544e+00
3.434864173352718542e+00
3.422431005871295895e+00
3.477904492712021067e+00
3.529156014776229977e+00
3.444499499595165215e+00
3.427242413926124609e+00
3.452171596479415960e+00
3.475827620697021558e+00
3.444976333904266497e+00
3.420339049541950338e+00
3.425236416327953393e+00
3.476004653930663935e+00
3.446891855990886544e+00
3.402084543573856479e+00
3.436639808261394702e+00
3.516862648630142196e+00
3.547930718827247532e+00
3.475665974485873999e+00
3.453756654012203331e+00
3.492736192214489055e+00
3.484027111446857283e+00
3.413968423783779294e+00
3.432910179007053308e+00
3.468649625086784205e+00
3.486947382318973609e+00
3.453343251073360598e+00
3.754248627793788984e+00
4.150213439512253188e+00
4.357391082310676289e+00
4.492731825566291803e+00
4.633633924233913071e+00
4.696298566830158450e+00
4.668122515571117681e+00
4.678178993225097670e+00
4.660726099455356319e+00
4.582099630379676825e+00
4.610194795978069138e+00
4.660332841467857534e+00
4.580573563742637688e+00
4.583886719882488414e+00
4.613089033055305599e+00
4.642738998770713721e+00
4.635939297449588992e+00
4.608732077574729580e+00
4.617294382059574431e+00
4.607251035130023986e+00
4.573815586423873647e+00
4.634598280572891582e+00
4.657952065432072075e+00
4.642185553121566777e+00
4.611532700288295317e+00
4.616635927510261972e+00
4.666961551237106320e+00
4.635706405544280706e+00
4.590930055630207285e+00
4.580256111431121546e+00
4.561576469051837890e+00
4.565906811106205332e+00
4.593952767908572987e+00
4.582186624503135519e+00
4.586310019922256842e+00
4.614242234253883801e+00
4.582631125402450323e+00
4.532285122609138739e+00
4.595484327816962811e+00
4.612368548905849686e+00
4.624943924605846135e+00
4.605359755516052367e+00
4.534098463129997647e+00
4.558407624292373228e+00
4.584724003970623407e+00
4.562231932961941183e+00
4.589496673405170313e+00
4.572554449641704544e+00
4.578483727085590260e+00
4.609825055193900845e+00
4.598403978765010613e+00
4.550126241648197123e+00
4.587044952893257310e+00
4.584744370210170672e+00
4.543348448288440977e+00
4.578866662716865932e+00
4.638126278841495420e+00
4.600537679600715357e+00
4.567634951293468859e+00
4.560143963801860600e+00
4.578328671109676229e+00
4.574688618803024021e+00
4.564663124358654400e+00
4.556101913225650613e+00
4.587685085976123567e+00
4.603231832790374511e+00
4.614881357157230468e+00
4.577051335668564036e+00
4.527356987941264954e+00
4.530269822812080349e+00
4.613631481969356685e+00
4.594333596956730048e+00
4.553273202681541676e+00
4.564323845648765143e+00
4.585168623960018230e+00
4.516381952142715761e+00
4.568416794157028171e+00
4.622846371114254005e+00
4.593636348032950956e+00
4.610928566241264015e+00
4.545587940096854851e+00
4.564784133696556445e+00
4.587779057443142072e+00
4.556768019807338810e+00
4.576278556144237619e+00
4.568362659966945571e+00
4.534154843133688217e+00
4.598485304975509891e+00
4.558749132597446518e+00
4.552345642280578808e+00
4.558831256020068778e+00
4.545674590528011372e+00
4.587099003601074365e+00
4.581950135266780855e+00
4.586165542602539169e+00
4.558443571627139868e+00
4.515045376992225634e+00
4.482000975394249132e+00
4.514889907586574935e+00
4.557283349597454070e+00
4.898948643779754697e+00
5.347825331377983105e+00
5.496093911528586951e+00
5.597816759139299769e+00
5.684176160919665932e+00
5.682606822186708762e+00
5.620717647778987747e+00
5.594117802488804081e+00
5.559331502246856793e+00
5.577705489730835353e+00
5.562606384479999555e+00
5.583599424123764088e+00
5.604081122329831466e+00
5.597726713439822532e+00
5.591067602607608045e+00
5.594669106912612655e+00
5.606580787768960406e+00
5.627896708706021656e+00
5.629972443568706630e+00
5.584258568000793232e+00
5.573342151975631431e+00
5.601911211490631537e+00
5.622132773417234830e+00
5.580939410412311119e+00
5.594902616333961909e+00
5.633388974034786223e+00
5.607433924174308970e+00
5.636322274827957557e+00
5.629239624795317809e+00
5.666383492374420072e+00
5.628339959275722393e+00
5.573903812789916756e+00
5.605177384567261001e+00
5.593601636677980160e+00
5.597771343004703581e+00
5.578492263865470591e+00
5.590189253604411768e+00
5.639442224776744617e+00
5.573604012382030071e+00
5.643083953332901359e+00
5.648184684610367157e+00
5.591799437320232435e+00
5.637215515199303972e+00
5.621566249811649207e+00
5.632961451947688936e+00
5.554018547418713148e+00
5.611820811116695396e+00
5.641379105412959838e+00
5.614530770778656255e+00
5.596800887095928267e+00
5.639549737238883864e+00
5.598267650896310954e+00
5.545020659881830127e+00
5.634307979166507607e+00
5.602936054575443414e+00
5.590756602483987869e+00
5.588439680382609076e+00
5.608793961477279488e+00
5.641328719925880364e+00
5.617036505109071598e+00
5.548665896868706149e+00
5.573741681981086771e+00
5.581470528823137656e+00
5.608904367458820595e+00
5.612437651658058080e+00
5.629630443847179144e+00
5.602036786890029596e+00
5.585799434638023087e+00
5.572482681649923109e+00
5.623975718545914049e+00
5.553155552089214630e+00
5.556113085734843970e+00
5.641481129455566013e+00
5.579750802505015983e+00
5.566771056866645750e+00
5.609231093752383934e+00
5.617827185139059765e+00
5.623539355781674409e+00
5.558245283865928421e+00
5.606467872911691686e+00
5.591735497391224108e+00
5.573944986414909764e+00
5.638950298225879898e+00
5.552724042332171983e+00
5.527373289835453285e+00
5.599366568988561887e+00
5.571164342606067521e+00
5.628743969759344878e+00
5.629017721045017630e+00
5.533179653906822537e+00
5.587989565300941486e+00
5.617683857178688456e+00
5.609973987931013539e+00
5.482908197456597854e+00
5.565781187343597836e+00
5.566085950505733848e+00
5.602098717272281370e+00
5.570564810562133928e+00
5.560640448361635180e+00
5.598208468607068333e+00
5.874199576026200909e+00
6.314104465213418393e+00
6.447906751656532265e+00
6.535682194480299856e+00
6.540615395405888322e+00
6.493521708917617374e+00
6.451522367036342409e+00
6.536836941671371193e+00
6.541803673869371671e+00
6.553433416798711164e+00
6.486491295936703594e+00
6.473724389073252539e+00
6.519263889536261125e+00
6.535212988984584470e+00
6.557376347622275503e+00
6.542149310213327240e+00
6.515865640357136890e+00
6.555210930639505662e+00
6.460801352667808750e+00
6.520471359702944447e+00
6.491963284179568028e+00
6.582863172087073167e+00
6.549970743891596392e+00
6.585379097911715718e+00
6.501270726394653643e+00
6.544191742372512444e+00
6.513108648338914008e+00
6.579197411790490335e+00
6.530681040826439521e+00
6.510896329167485064e+00
6.571541947242617532e+00
6.523354550349712788e+00
6.544621323475241503e+00
6.544192631685733730e+00
6.590903847002983262e+00
6.516087529388070010e+00
6.499295312607288544e+00
6.530141997870803294e+00
6.637592736244201319e+00
6.495940670025349029e+00
6.560192980402708152e+00
6.530585324048995943e+00
6.501083513772488054e+00
6.538550700768828605e+00
6.527641381257772046e+00
6.555594768083095936e+00
6.510899571776390005e+00
6.546355427885055533e+00
6.578545293214917322e+00
6.551258256563544435e+00
6.491462521305680688e+00
6.499462320095300782e+00
6.557060862338542684e+00
6.583970964837074114e+00
6.540509470069408415e+00
6.531769732904434633e+00
6.550927651262282936e+00
6.571819766438006916e+00
6.537285697966813913e+00
6.559069007539749308e+00
6.486790277558565521e+00
6.569931531482934517e+00
6.548172236585616979e+00
6.570464420875906875e+00
6.619115966248512173e+00
6.591968070381879485e+00
6.637578978860378065e+00
6.687502181047201510e+00
6.665378868389129963e+00
6.659013529884814986e+00
6.651710220670699947e+00
6.734969615432619960e+00
6.708616653430461874e+00
6.636643758758902223e+00
6.703252629446983413e+00
6.698426809886098177e+00
6.722024381303786988e+00
6.673991025853156955e+00
6.663275367492436985e+00
6.726514400693774043e+00
6.674309753131866252e+00
6.676286702263355188e+00
6.651557075527310126e+00
6.642505439528822997e+00
6.658196894845366920e+00
6.710524467897415413e+00
6.735164981055259403e+00
6.699774088478088530e+00
6.739403429675101975e+00
6.640534943190217199e+00
6.644103680428862901e+00
6.688100128296017743e+00
6.732710557842255028e+00
6.759544982600211860e+00
6.665422138652205675e+00
6.730763795900345237e+00
6.621351231858134234e+00
6.644660156455636013e+00
6.739945368123054337e+00
6.753016443517804390e+00
7.587287008124589782e+00
7.488657907593250229e+00
7.658421222734451028e+00
7.612705361104011637e+00
7.677432980766892179e+00
7.679604598486423406e+00
7.721159911820292265e+00
7.731327603197097886e+00
7.731214444637299010e+00
7.632929630768298779e+00
7.698258188366890131e+00
7.756491520142555274e+00
7.713706390178203698e+00
7.727772900730371042e+00
7.730280581319331823e+00
7.764763109552860421e+00
7.797737964224815244e+00
7.828560293614864385e+00
7.738184906762838544e+00
7.711804313385486331e+00
7.771865551543235995e+00
7.806807004845142117e+00
7.818117273712157811e+00
7.846140299797058404e+00
7.780340558582544475e+00
7.834841121977567546e+00
7.745277203142642897e+00
7.794802240610122723e+00
7.800531317758560235e+00
7.804181967827677369e+00
7.768817671084404353e+00
7.808356776380539266e+00
7.853513006728887191e+00
7.872697144356370025e+00
7.911350731155276428e+00
7.814303011569380786e+00
7.811675804653764210e+00
7.847726135432719907e+00
7.798621883362531371e+00
7.837246157884598219e+00
7.783803041273355205e+00
7.838480640920996834e+00
7.886350258418917569e+00
7.879970426791905957e+00
7.987218075105547932e+00
7.954164371243119369e+00
7.822902537512779197e+00
7.868065862196683469e+00
7.854830936414002984e+00
7.873836951637268378e+00
7.895344311475754218e+00
7.893824973708390758e+00
7.841868895649909632e+00
7.829722922497987625e+00
7.835528481680154478e+00
7.893957125881314596e+00
7.843802888163923903e+00
7.936825826156139740e+00
7.839704242572188342e+00
7.822116096279025044e+00
7.759900759184360730e+00
7.806277107277512783e+00
7.768774630498886502e+00
7.829945042532682642e+00
7.730608029133081871e+00
7.785463923859595958e+00
7.970433436331153310e+00
7.841419626581668467e+00
7.827522096818685604e+00
7.771996829456091049e+00
7.787800022694468360e+00
7.791944919115304735e+00
7.813544167792796813e+00
7.751099978253245482e+00
7.913517316985130279e+00
7.812522478914260660e+00
7.829113497531413834e+00
7.819530318629741572e+00
7.892519529783725396e+00
7.928358065783977615e+00
7.941008545494079307e+00
7.881609095448255609e+00
7.822122892308235542e+00
7.831323643985390603e+00
7.795698654231428826e+00
7.824673788696527410e+00
7.886806459954381232e+00
7.939646488583087525e+00
7.872274264353513296e+00
7.867139423632622197e+00
7.835409482786059421e+00
7.863122157582640881e+00
7.869039630937575858e+00
7.856997412428260219e+00
7.866296367543935908e+00
7.913855221426486786e+00
7.856686098504066074e+00
7.926677722758054934e+00
7.872293566572666101e+00
7.926195386728644543e+00
8.703288598689436384e+00
8.942398362958432045e+00
8.925266115093231534e+00
8.930150165292619846e+00
8.902138067340850114e+00
8.970096045398712192e+00
8.985312080177664029e+00
9.172281839179992957e+00
9.064741689348220888e+00
9.044013247877359163e+00
9.083680659773945010e+00
9.098349221068620096e+00
9.122765810340643711e+00
9.203176234883070350e+00
9.180100095671415161e+00
9.160451061078905610e+00
9.208204183077812743e+00
9.229948665857314438e+00
9.153566217160225449e+00
9.274711989510059595e+00
9.224270695009828103e+00
9.338372651124000612e+00
9.344651320239901082e+00
9.426939483261108421e+00
9.365839539530872671e+00
9.422093049895764238e+00
9.412088174274563457e+00
9.426559729856252901e+00
9.464656119626759789e+00
9.351474085605143927e+00
9.442511565729976297e+00
9.452172499206662692e+00
9.373178726753591761e+00
9.453033491918445108e+00
9.478085831677914186e+00
9.424563027691840844e+00
9.432060584068297615e+00
9.496115922343731697e+00
9.412888568919896670e+00
9.465362159973382816e+00
9.494205277448893199e+00
9.409622650313377079e+00
9.390447759544850115e+00
9.421679037937522594e+00
9.388573769915103284e+00
9.474017553448677020e+00
9.510634535861015593e+00
9.615680720651150537e+00
9.538650728774070942e+00
9.515771472880244275e+00
9.587856509959697959e+00
9.498181676167249066e+00
9.520483008086682020e+00
9.575308079975842546e+00
9.537128343832492305e+00
9.387519127106665806e+00
9.542872066912055473e+00
9.487872514787316192e+00
9.505080107969044789e+00
9.442414131066202643e+00
9.537777465775608476e+00
9.403095686933397701e+00
9.446263773515820361e+00
9.433334531962872305e+00
9.398902005171775542e+00
9.382775834810733073e+00
9.369211104655265743e+00
9.282726778614520668e+00
9.345321107900142366e+00
9.422962279909850025e+00
9.329346935200691249e+00
9.450789677548408818e+00
9.374361395737528468e+00
9.375770229694246893e+00
9.343494291412829611e+00
9.418774923157691603e+00
9.383977433946729008e+00
9.407039148300885500e+00
9.386671042096613959e+00
9.319302057981490250e+00
9.319533787629008970e+00
9.435384752357006022e+00
9.382427020215988733e+00
9.383311723875999988e+00
9.415970617580413204e+00
9.359063409018515856e+00
9.529963907203077511e+00
9.479330057218671612e+00
9.441412107038498647e+00
9.399453904566168916e+00
9.485298900234699460e+00
9.387040712273121201e+00
9.415363694441317932e+00
9.435150069093703351e+00
9.428994330427050485e+00
9.422160671520233066e+00
9.449095333337783842e+00
9.426059394204616027e+00
9.478762790572643482e+00
9.465977281373739061e+00
1.033221852139234542e+01
1.027688372242152681e+01
1.026675637692809140e+01
1.033883494127690739e+01
1.030624488181471854e+01
1.024128267712593043e+01
1.033736791726052751e+01
1.032255724043846179e+01
1.030136917209625302e+01
1.025412477509677345e+01
1.034548052597343926e+01
1.028776976633071882e+01
1.021017055265903473e+01
1.016846207922697154e+01
1.021520095990896237e+01
1.019700402083396895e+01
1.023647755164503970e+01
1.025315114850103804e+01
1.015853854567706627e+01
1.024475441742539417e+01
1.027604532392322945e+01
1.015448498485684325e+01
1.012511043773293551e+01
1.016904326974749573e+01
1.012818678390681804e+01
1.019964912082850894e+01
1.016552386233508543e+01
1.015032320706248292e+01
1.007730463610291416e+01
1.017029047234654371e+01
1.015553624768257102e+01
1.015344573037028297e+01
1.021819615689814142e+01
1.018305636343955989e+01
1.008024831674397070e+01
1.013381801307499330e+01
1.017222649217247898e+01
1.015652741579711460e+01
1.013210358172655035e+01
1.015898225210905004e+01
1.008266449368000117e+01
1.000233929041624137e+01
1.005578979116082117e+01
1.007013677265643992e+01
1.010952467820644429e+01
1.009375681445598616e+01
1.009325875043868948e+01
1.001130503978729180e+01
1.003620909815430728e+01
1.007047385613322277e+01
1.012308251391649172e+01
1.016190748081207218e+01
1.026402873274087924e+01
1.015868984202146486e+01
1.008714770617187106e+01
1.017679512506127359e+01
1.014704464273452800e+01
1.018529111022651179e+01
1.007948115766346397e+01
9.997488551998138462e+00
1.010587223013043356e+01
1.006448432276248894e+01
1.013882479293942396e+01
1.014407547180056568e+01
1.016516715932190351e+01
1.016734421569108981e+01
1.019985130752921165e+01
1.022111940452754553e+01
1.017937347705662177e+01
1.016489911892712072e+01
1.019412174100279778e+01
1.014639062530398306e+01
1.010668298630118400e+01
1.019681755902469078e+01
1.029158441085815490e+01
1.018683260575831007e+01
1.018605820168256848e+01
1.013115849477648744e+01
1.017223125163316766e+01
1.024942940123081137e+01
1.008460094575881882e+01
1.011732047614455254e+01
1.025736725712418540e+01
1.022598580028414794e+01
1.028903360693454694e+01
1.030667834417521966e+01
1.029167915172576819e+01
1.022651865161657270e+01
1.017803890095353125e+01
1.014004195597767755e+01
1.021857132615447128e+01
1.024261581823527756e+01
1.029994372327327667e+01
1.022332074900567456e+01
1.022515700990557619e+01
1.026418556690812167e+01
1.021358271679580199e+01
1.020508042543232463e+01
1.030982143000364282e+01
1.017788218993544547e+01
1.077663289683461123e+01
1.136981776497364116e+01
1.120792747212648344e+01
1.118806670176386753e+01
1.110212014106512157e+01
1.107277442724704741e+01
1.112484088253080827e+01
1.104116004835963238e+01
1.106204232895970385e+01
1.106507231291234561e+01
1.120885361423492377e+01
1.108365337927937588e+01
1.108680916303396202e+01
1.113306844319105160e+01
1.108960784703195124e+01
1.104305698408186487e+01
1.103823313091993263e+01
1.108815122177600898e+01
1.110746683588027928e+01
1.113687013041973195e+01
1.106822240217924147e+01
1.093724479549527118e+01
1.104266161355972287e+01
1.112447918009758041e+01
1.106500079964399319e+01
1.100831419110298093e+01
1.098494516291618339e+01
1.098564705404043274e+01
1.111295007666349477e+01
1.110744404177665778e+01
1.107557718213200637e+01
1.107903947954177859e+01
1.103116116705536776e+01
1.093636691945791206e+01
1.103954123731851666e+01
1.107910159497261127e+01
1.097448936060071034e+01
1.091660831819772781e+01
1.112002216126322729e+01
1.102581407559514126e+01
1.101982646880149908e+01
1.115412408580183978e+01
1.101210839101076111e+01
1.097056633684635152e+01
1.105017484155893293e+01
1.107921921445131375e+01
1.097224287408590371e+01
1.099574727703928900e+01
1.104188735350966510e+01
1.105487192706465649e+01
1.101960491132736131e+01
1.099750247479677157e+01
1.099849655597209974e+01
1.106894018871784269e+01
1.114082047816514986e+01
1.099509254760742216e+01
1.094048730891942967e+01
1.098870739381909445e+01
1.106521203125119257e+01
1.109348712460994690e+01
1.090962705156207058e+01
1.092807760600447686e+01
1.101677626438140933e+01
1.106969584812521923e+01
1.100585028563141776e+01
1.105741029232144435e+01
1.098386198170185146e+01
1.091542127945423069e+01
1.107039031084179825e+01
1.102014095408916461e+01
1.093585783888101659e+01
1.104664566125273772e+01
1.114643559268117023e+01
1.109214829819202386e+01
1.088071655051708220e+01
1.093861604568958334e+01
1.103471666982173893e+01
1.116735460655093171e+01
1.110111935357451429e+01
1.096186976420879411e+01
1.085526936727762148e+01
1.101281906338930128e+01
1.106813461496233941e+01
1.097715553192496252e+01
1.090889118230938948e+01
1.097462629979252746e+01
1.104500563000440572e+01
1.109849257738590289e+01
1.098814987199306437e+01
1.091322924799919214e+01
1.103344604735374368e+01
1.104013944419622462e+01
1.092605026595592577e+01
1.095871496244668997e+01
1.100225723241567621e+01
1.103132990425229032e+01
1.101657104645967422e+01
1.100114011611342413e+01
