2.481547299348749180e-01
2.481547299348749180e-01
2.481547299348749180e-01
2.481547299348749180e-01
2.481547299348749180e-01
2.481547299348749180e-01
2.481547299348749180e-01
2.481547299348749180e-01
2.481547299348749180e-01
2.481547299348749180e-01
2.481547299348749180e-01
2.481547299348749180e-01
2.481547299348749180e-01
2.481547299348749180e-01
2.481547299348749180e-01
2.481547299348749180e-01
2.481547299348749180e-01
2.481547299348749180e-01
2.481547299348749180e-01
2.481547299348749180e-01
2.481547299348749180e-01
2.481547299348749180e-01
2.481547299348749180e-01
2.481547299348749180e-01
2.481547299348749180e-01
2.481547299348749180e-01
2.481547299348749180e-01
2.481547299348749180e-01
2.481547299348749180e-01
2.481547299348749180e-01
2.481547299348749180e-01
2.481547299348749180e-01
2.481547299348749180e-01
2.481547299348749180e-01
2.481547299348749180e-01
2.481547299348749180e-01
2.481547299348749180e-01
2.481547299348749180e-01
2.481547299348749180e-01
2.481547299348749180e-01
2.481547299348749180e-01
2.481547299348749180e-01
2.481547299348749180e-01
2.481547299348749180e-01
2.481547299348749180e-01
2.481547299348749180e-01
2.481547299348749180e-01
2.481547299348749180e-01
2.481547299348749180e-01
2.481547299348749180e-01
2.481547299348749180e-01
2.481547299348749180e-01
2.481547299348749180e-01
2.481547299348749180e-01
2.481547299348749180e-01
2.481547299348749180e-01
2.481547299348749180e-01
2.481547299348749180e-01
2.481547299348749180e-01
2.481547299348749180e-01
2.481547299348749180e-01
2.481547299348749180e-01
2.481547299348749180e-01
2.481547299348749180e-01
2.481547299348749180e-01
2.481547299348749180e-01
2.481547299348749180e-01
2.481547299348749180e-01
2.481547299348749180e-01
2.481547299348749180e-01
2.481547299348749180e-01
2.481547299348749180e-01
2.481547299348749180e-01
2.481547299348749180e-01
2.481547299348749180e-01
2.481547299348749180e-01
2.481547299348749180e-01
2.481547299348749180e-01
2.481547299348749180e-01
2.481547299348749180e-01
2.481547299348749180e-01
2.481547299348749180e-01
2.481547299348749180e-01
2.481547299348749180e-01
2.481547299348749180e-01
2.481547299348749180e-01
2.481547299348749180e-01
2.481547299348749180e-01
2.481547299348749180e-01
2.481547299348749180e-01
2.481547299348749180e-01
2.481547299348749180e-01
2.481547299348749180e-01
2.481547299348749180e-01
2.481547299348749180e-01
2.481547299348749180e-01
2.481547299348749180e-01
2.481547299348749180e-01
2.481547299348749180e-01
2.481547299348749180e-01
2.481547299348749180e-01
2.481547299348749180e-01
2.481547299348749180e-01
2.481547299348749180e-01
3.533507782941683883e-01
5.111845609791576539e-01
6.814065555777401029e-01
8.611240772664546794e-01
1.097884448450803685e+00
1.333410529494285512e+00
1.587174774152040557e+00
1.838122831580042860e+00
2.097196030336618389e+00
2.386227369368076445e+00
2.691807038450241052e+00
2.950216009390353999e+00
3.189365690791607033e+00
3.412016017675399748e+00
3.648030377411842551e+00
3.886430230545997677e+00
4.062378891301155370e+00
4.242006991195678367e+00
4.523356026721000234e+00
4.731199177348614171e+00
4.855718900609016231e+00
4.897906528997420850e+00
5.008991253209114092e+00
5.177223518562317217e+00
5.298789713144302027e+00
5.384746156024933228e+00
5.413849577522277912e+00
5.539706666731833984e+00
5.650384218478202492e+00
5.734232293891906806e+00
5.834629754209518460e+00
5.991463364505768219e+00
6.268531326365470946e+00
6.417437737178802060e+00
6.685362259483337510e+00
6.879528599929809474e+00
7.078172909522056244e+00
7.316022810864448722e+00
7.572556554245949201e+00
7.822179130458831509e+00
8.114086302614211377e+00
8.455844640398025192e+00
8.681969430732726423e+00
9.005129529023170321e+00
9.269641923284531515e+00
9.548212187004089913e+00
9.787260991430281720e+00
9.996155539417266311e+00
1.026387379491329277e+01
1.037746989853382118e+01
1.050749207234382609e+01
1.063221717114448595e+01
1.080437094726562464e+01
1.093258819925785019e+01
1.105198680868148742e+01
1.113231897339820797e+01
1.118063024263381955e+01
1.129721489017009795e+01
1.129291104154586733e+01
1.137505574285984089e+01
1.147331410424709297e+01
1.146286322755813636e+01
1.148001843724250826e+01
1.151888165643215167e+01
1.158971899166107100e+01
1.167997655971050186e+01
1.170872173578739250e+01
1.172750823841094991e+01
1.175998815739154857e+01
1.177070319323539671e+01
1.176458559553623218e+01
1.176696938543319781e+01
1.173771456487178888e+01
1.172475087490081869e+01
1.169349176607132001e+01
1.165174685811996547e+01
1.162409687001705194e+01
1.158802116713523844e+01
1.154855551490783760e+01
1.158686241588592480e+01
1.154722442555427619e+01
1.152425110154151966e+01
1.154070041089057952e+01
1.154453458626270290e+01
1.156571275115013187e+01
1.156819474823474891e+01
1.154892095761299053e+01
1.156319459788799264e+01
1.159162961316108742e+01
1.167740837633609807e+01
1.172895855078697203e+01
1.178348040738105773e+01
1.179003242831230125e+01
1.191874342656135610e+01
1.199410620238781000e+01
1.177523518404960612e+01
1.161808316955566411e+01
1.176141710157394371e+01
1.186159764235019765e+01
1.166385797781944333e+01
1.142313514730930279e+01
1.090819415416717497e+01
1.066509067959785462e+01
1.058148727872371708e+01
1.068917814038991843e+01
1.066153703367710115e+01
1.071353764309883161e+01
1.068070886552333754e+01
1.020949792773723530e+01
1.004352823897600189e+01
1.000640839188098852e+01
1.010101106390952985e+01
1.023472328910827578e+01
1.014716656372547199e+01
1.011868463975191190e+01
1.005719324932098324e+01
9.989512461996078230e+00
9.856416524541378621e+00
9.859522995901107478e+00
9.885311245799064395e+00
9.926089419174195072e+00
9.963438218021392956e+00
9.989637271344662395e+00
1.002909597189426449e+01
1.002506859887838431e+01
9.971431167483329361e+00
9.957746562433243298e+00
9.846681255722046444e+00
9.746429496085644573e+00
9.745804979538917223e+00
9.792680603575705689e+00
9.612986298894881543e+00
9.570837075710295849e+00
9.614114958322048210e+00
9.643479510247708220e+00
9.631883880496024730e+00
9.709989917159081330e+00
9.702211123752594091e+00
9.756716128075122896e+00
9.666520246934890537e+00
9.609705337178708007e+00
9.653751857101918077e+00
9.664161897754668828e+00
9.642177778792381915e+00
9.751431560993195191e+00
9.776761925292015931e+00
9.825379983818530505e+00
9.839175887382030083e+00
9.811395983827114975e+00
9.800962755346297683e+00
9.797850153398513839e+00
9.794301631700992772e+00
9.778629577195644629e+00
9.838168933677673422e+00
9.697154517483710379e+00
9.692125263500214416e+00
9.722965864276886805e+00
9.880440642976761723e+00
1.016899886595010827e+01
1.023324137146472879e+01
1.006110520333051639e+01
1.022867450389862043e+01
1.047069660387039214e+01
1.073710447108745569e+01
1.125655803317427583e+01
1.150245994789600346e+01
1.203681941553354307e+01
1.251991428548097574e+01
1.279890003641247809e+01
1.292737649620771379e+01
1.246178917132020025e+01
1.297374099683761628e+01
1.334247161326408460e+01
1.365034504026174567e+01
1.389560736761093196e+01
1.429390485508441877e+01
1.485008776900768268e+01
1.543272531861662777e+01
1.562071143195629119e+01
1.551498742820024468e+01
1.592814815896749536e+01
1.659077897406220359e+01
1.683405597167611134e+01
1.701220534636974335e+01
1.724107876600027112e+01
1.755522786390781320e+01
1.805808391140699243e+01
1.807776748703718184e+01
1.859661041173934848e+01
1.932613860819339635e+01
1.961930955961346612e+01
2.014442625413537158e+01
2.069386442675590487e+01
2.146447895174026499e+01
2.162926118779182261e+01
2.186600105915069747e+01
2.179364126293659254e+01
2.180253505005240555e+01
2.169270086123943386e+01
2.176626192885637323e+01
2.190129463409781607e+01
2.182608444254994495e+01
2.123991137224435732e+01
2.120401373386383170e+01
2.071149648156166023e+01
2.095211194274425637e+01
2.095496890701651438e+01
2.111956777819395015e+01
2.121569150969981976e+01
2.097940820474624601e+01
2.042767199489474450e+01
2.005393807365894432e+01
1.984822733570933195e+01
1.956158218631744461e+01
1.966657355147004083e+01
1.978606671342849666e+01
1.970631455605625959e+01
1.979510962016582454e+01
1.994136348395943514e+01
1.971919456857443009e+01
1.950400582816004658e+01
1.920222078713774749e+01
1.873877276729345454e+01
1.865208978786468563e+01
1.885077484380006752e+01
1.863344895405173318e+01
1.842397047595381565e+01
1.835003497744202505e+01
1.851743104701042242e+01
1.848928392181992564e+01
1.828315565370321139e+01
1.812624797463417181e+01
1.803316674122214280e+01
1.780857882376909274e+01
1.758231141762733429e+01
1.730963615635037556e+01
1.728258973820805622e+01
1.716395412020683153e+01
1.733897033253312259e+01
1.723898981273174158e+01
1.728574430506229476e+01
1.695749176580905981e+01
1.715289868549704622e+01
1.748274862649440919e+01
1.737460849740505253e+01
1.748527066202759883e+01
1.747434649720192112e+01
1.742539861382842048e+01
1.744234572286605811e+01
1.732572364310622248e+01
1.713896355957984952e+01
1.720640598707199231e+01
1.701987689523100755e+01
1.708333544281721217e+01
1.701731475384831427e+01
1.694291972694396975e+01
1.697418588104844162e+01
1.715534338471889342e+01
1.723121488012075275e+01
1.745229087894558972e+01
1.770917021316886064e+01
1.759549614450931543e+01
1.768679282149672360e+01
1.776818430954217831e+01
1.799350092701315873e+01
1.809375864602327511e+01
1.793887111833691606e+01
1.843287302325368060e+01
1.859308873403668372e+01
1.895995448722243282e+01
1.929073064931631265e+01
1.960086094060540063e+01
1.962517495938539369e+01
1.973344035947322794e+01
1.991468544173240574e+01
2.006152702300548540e+01
2.043181470133066213e+01
2.091940426838397826e+01
2.100411360287666440e+01
2.152085254662632963e+01
2.204439325017929008e+01
2.249320276436805699e+01
2.286631136367320849e+01
2.356585562009215451e+01
2.410858890157938106e+01
2.476225787786841437e+01
2.501995851740836940e+01
2.585639314754009277e+01
2.647539992280006516e+01
2.708943097376823417e+01
2.779917460910677818e+01
2.856771126942634709e+01
2.900244424723386771e+01
2.994443741461038755e+01
3.014800126330256447e+01
3.082060412335395938e+01
3.161490461868643820e+01
3.181539645935892935e+01
3.160413682987690009e+01
3.218263070877790710e+01
3.298116803859472412e+01
3.388157452139854087e+01
3.458349653382897060e+01
3.517342501773238439e+01
3.582192830537557882e+01
3.701777841759920307e+01
3.765076715703010279e+01
3.876937582343816757e+01
3.936932552775144245e+01
4.003352658107280604e+01
4.097691314647197913e+01
4.205021859867572687e+01
4.267219589735269381e+01
4.329273494414687207e+01
4.380521582661867086e+01
4.473310171386003731e+01
4.556874015755653318e+01
4.643614115074277038e+01
4.693136752506494247e+01
4.814390831589698649e+01
4.850781296095848205e+01
4.898842829059362458e+01
4.989206948657035667e+01
5.053974352570772055e+01
5.135348438833951690e+01
5.177003276001811116e+01
5.276348145579695625e+01
5.368305860860347423e+01
5.437654152739644076e+01
5.483344932045936559e+01
5.502610837391615206e+01
5.546411269013881906e+01
5.590863771929740977e+01
5.634700570674538511e+01
5.640517416395545069e+01
5.674172181858420316e+01
5.765417838835715969e+01
5.827778674988746843e+01
5.903602275791168097e+01
5.929653175000548515e+01
5.954015583243369747e+01
6.025222004722356672e+01
5.976255390597582107e+01
6.064347036209106534e+01
6.107320136380195663e+01
6.234428909802436891e+01
6.380235207642316908e+01
6.435017813354134830e+01
6.410251311911343919e+01
6.467217461905480036e+01
6.519261418841480804e+01
6.568793067775965255e+01
6.625805051689147263e+01
6.695115391587614795e+01
6.767862829691171100e+01
6.737385443517565875e+01
6.731480111942887845e+01
6.773846327476501017e+01
6.872053288602829468e+01
6.936367843129038135e+01
6.969648329129219633e+01
7.036989884124398031e+01
7.057643727263808842e+01
7.030742251939773269e+01
7.082390609487295308e+01
7.141236197682023601e+01
7.205621846861839686e+01
7.292922619400025042e+01
7.309037829179763435e+01
7.303111917259097652e+01
7.311786655611395247e+01
7.431923471080661159e+01
7.438557703266144472e+01
7.491520769239068045e+01
7.544212023372649867e+01
7.564805165075063087e+01
7.522157411102055846e+01
7.580259009447097185e+01
7.542777517966031553e+01
7.565387053454517741e+01
7.624227398272752509e+01
7.628167233291864591e+01
7.715802955788970507e+01
7.700382469595074042e+01
7.778049288832545471e+01
7.805425281637907631e+01
7.797258777146934960e+01
7.860586854666470913e+01
7.865865255962610547e+01
7.760440354240536465e+01
7.790052873176335879e+01
7.784106405106783200e+01
7.852596406391262462e+01
7.892614376097321838e+01
7.975854053546190414e+01
8.012549370398521376e+01
8.050616304159760261e+01
8.039132709784507824e+01
8.013757987418770767e+01
8.009462805550694497e+01
8.107677152305841162e+01
8.069755495759844166e+01
8.123301837632060085e+01
8.178679867119193148e+01
8.210358514407873542e+01
8.220321673477887714e+01
8.290613231251239768e+01
8.288303658161163412e+01
8.336991832336187258e+01
8.427461487984656685e+01
8.352597623386382963e+01
8.297117283316850944e+01
8.297862534495591547e+01
8.242658852745294951e+01
8.319513113052845199e+01
8.334675735782384720e+01
8.308529961018562915e+01
8.279993568260073289e+01
8.231664211769104611e+01
8.228915354719161712e+01
8.263936553681492114e+01
8.168567686266898420e+01
8.212709194389582024e+01
8.259795975589752004e+01
8.321717708823680937e+01
8.308504917329550210e+01
8.319647793515920853e+01
8.383991136682033130e+01
8.426570117669105286e+01
8.453949677319526756e+01
8.485154235756397156e+01
8.536110905394554038e+01
8.554861272752880552e+01
8.548381935456991698e+01
8.549841082537173520e+01
8.622523325257301963e+01
8.633302809542416867e+01
8.679180673184394834e+01
8.698839068088531690e+01
8.754127371473312280e+01
8.805082766796350313e+01
8.820797721410393422e+01
8.859925106974840503e+01
8.898797423081397540e+01
8.894098610097169910e+01
8.928742184978723628e+01
8.914213275015353588e+01
8.904217083525657017e+01
8.908834562864304019e+01
8.954934846953153738e+01
8.882068755082488565e+01
8.877171676726341332e+01
8.856865902336835461e+01
8.843045856821537143e+01
8.835867271896600528e+01
8.805092073140144748e+01
8.787358042279481651e+01
8.808401271785497499e+01
8.805347215887904611e+01
8.854471611283420884e+01
8.849044940798282255e+01
8.850889878630042062e+01
8.847105764802098804e+01
8.820794923582077729e+01
8.802510606530309190e+01
8.823477157570719953e+01
8.803107184953690023e+01
8.794539433993101341e+01
8.819587988803387191e+01
8.777554135589599582e+01
8.778461485824584543e+01
8.748386527166366022e+01
8.739527166981696382e+01
8.700899739284515988e+01
8.707394116219282409e+01
8.698133102449178011e+01
8.696820008166432103e+01
8.704662420108317633e+01
8.697875934888720906e+01
8.673768145124911655e+01
8.702338405922651532e+01
8.696849339027404824e+01
8.704666055829524396e+01
8.734213350765705286e+01
8.652824317867755610e+01
8.681242416841983811e+01
8.703606216075419866e+01
8.741193995506166914e+01
8.715471338100432774e+01
8.723589975217581127e+01
8.767878684151172308e+01
8.772486613221168739e+01
8.779168467619419403e+01
8.714383589635491489e+01
8.731397385604381611e+01
8.730817830793857581e+01
8.740674086449742219e+01
8.759384060916900694e+01
8.769119834989309936e+01
8.775740294036269518e+01
8.798565531024932795e+01
8.799993870306015253e+01
8.824194682790040645e+01
8.764473143454193860e+01
8.784190235342978781e+01
8.805490019466877527e+01
8.787348232958316885e+01
8.767762808396815899e+01
8.694465144958496694e+01
8.684115526550412767e+01
8.685232482984065427e+01
8.677591577223539332e+01
8.628550992707610590e+01
8.591243750795125322e+01
8.606418981798887557e+01
8.622577051029205109e+01
8.617437859864830330e+01
8.630966013078689514e+01
8.483694811200498975e+01
8.498454047079682994e+01
8.455752237824201245e+01
8.467975106669663887e+01
8.450463372716903621e+01
8.387869842662215092e+01
8.394440496981144406e+01
8.282366147341132034e+01
8.264848795034885143e+01
8.289988175351619759e+01
8.273056647813319842e+01
8.252522601078749176e+01
8.234372356455325814e+01
8.173465342693329205e+01
8.149668561010361145e+01
8.103745360814929199e+01
8.081028291723728785e+01
8.085299718705415728e+01
8.068300657306313894e+01
8.036796692442894141e+01
7.968753845043183048e+01
7.842342683418989679e+01
7.813671659016608828e+01
7.833462135481833855e+01
7.836683348472118382e+01
7.848489981386661896e+01
7.893341695373058542e+01
7.893195800986289612e+01
7.872931806389092912e+01
7.750459143157601716e+01
7.761527674787640763e+01
7.771904598298073097e+01
7.783524641509652042e+01
7.755031878228187736e+01
7.714448550994396214e+01
7.688866380522250665e+01
7.710917627038955402e+01
7.691164138404130313e+01
7.711552811398506435e+01
7.741523043662905934e+01
7.750855235474705296e+01
7.750842542577386496e+01
7.790884817808270668e+01
7.789058166859746279e+01
7.751897772199511394e+01
7.760370209161042965e+01
7.794949580372572484e+01
7.723077137392759539e+01
7.727119349803328419e+01
7.702605991455912715e+01
7.668969708285928277e+01
7.639297032645345098e+01
7.652922920614480518e+01
7.622328227825164504e+01
7.619414893887042695e+01
7.630397393746376622e+01
7.649459780896901862e+01
7.642413037106990714e+01
7.669986358485222411e+01
7.673670976289510293e+01
7.697418063259124210e+01
7.727505161495804487e+01
7.693519704465866482e+01
7.702959483275412822e+01
7.685949432510733459e+01
7.687351437985897462e+01
7.717924408869743047e+01
7.719968133106827679e+01
7.715328189818859528e+01
7.703766940283775000e+01
7.699956932352185390e+01
7.714624333115220622e+01
7.701202012109160933e+01
7.689198930504322504e+01
7.718598292372226410e+01
7.721468056519032075e+01
7.638557064366339944e+01
7.683706594697832770e+01
7.665671537706852234e+01
7.681052959349155174e+01
7.681456099815368077e+01
7.738731025226115889e+01
7.707448596096634219e+01
7.652916180405617297e+01
7.664544152444601366e+01
7.674402996871471316e+01
7.671329359881282528e+01
7.657430707064270337e+01
7.615888446831702652e+01
7.600863555563688578e+01
7.590981878077984391e+01
7.568947721530199146e+01
7.518938922473192576e+01
7.494948862189053784e+01
7.453655879111289551e+01
7.453917546166778152e+01
7.459702759463786492e+01
7.423933684020639134e+01
7.438194002110958536e+01
7.374471473169923286e+01
7.385604342887997120e+01
7.401330835152865006e+01
7.366385814928412401e+01
7.340993157805800706e+01
7.288916209142207947e+01
7.216882284740209741e+01
7.233160542819500449e+01
7.214568046925067790e+01
7.205934909291266877e+01
7.236055768629312013e+01
7.216083460198045429e+01
7.203882633435129890e+01
7.212295386843085510e+01
7.221297635414003935e+01
7.221197902846932948e+01
7.162592955409287754e+01
7.158146979969740187e+01
7.157110776690244336e+01
7.132471869468689363e+01
7.260806751134396109e+01
7.214361149871349710e+01
7.205828387035131755e+01
7.199799124437571152e+01
7.200156040353775211e+01
7.157325258092880915e+01
7.181348386777042947e+01
7.171334689998030854e+01
7.166509622721075345e+01
7.106080046924948590e+01
7.118123432669639783e+01
7.122097316753267648e+01
7.109469433083533829e+01
7.135098493466377079e+01
7.076777765766382799e+01
7.095194261975288441e+01
7.125433980364799424e+01
7.144209709287882504e+01
7.150976276196837489e+01
7.155428526241779252e+01
7.175753063936232934e+01
7.180833492182493671e+01
7.235899213911295647e+01
7.288175650501251823e+01
7.279646297891139284e+01
7.295609554296731858e+01
7.320335059270858835e+01
7.325915311651229445e+01
7.363294509675502297e+01
7.377365262517929523e+01
7.406475915583372682e+01
7.437107013635039721e+01
7.418968549188375050e+01
7.448804358041286378e+01
7.419197784509658788e+01
7.458744292556643529e+01
7.449410883970857356e+01
7.444336358604431325e+01
