4.075396745283651478e-01
4.075396745283651478e-01
4.075396745283651478e-01
4.075396745283651478e-01
4.075396745283651478e-01
4.075396745283651478e-01
4.075396745283651478e-01
4.075396745283651478e-01
4.075396745283651478e-01
4.075396745283651478e-01
4.075396745283651478e-01
4.075396745283651478e-01
4.075396745283651478e-01
4.075396745283651478e-01
4.075396745283651478e-01
4.075396745283651478e-01
4.075396745283651478e-01
4.075396745283651478e-01
4.075396745283651478e-01
4.075396745283651478e-01
4.075396745283651478e-01
4.075396745283651478e-01
4.075396745283651478e-01
4.075396745283651478e-01
4.075396745283651478e-01
4.075396745283651478e-01
4.075396745283651478e-01
4.075396745283651478e-01
4.075396745283651478e-01
4.075396745283651478e-01
4.075396745283651478e-01
4.075396745283651478e-01
4.075396745283651478e-01
4.075396745283651478e-01
4.075396745283651478e-01
4.075396745283651478e-01
4.075396745283651478e-01
4.075396745283651478e-01
4.075396745283651478e-01
4.075396745283651478e-01
4.075396745283651478e-01
4.075396745283651478e-01
4.075396745283651478e-01
4.075396745283651478e-01
4.075396745283651478e-01
4.075396745283651478e-01
4.075396745283651478e-01
4.075396745283651478e-01
4.075396745283651478e-01
4.075396745283651478e-01
4.075396745283651478e-01
4.075396745283651478e-01
4.075396745283651478e-01
4.075396745283651478e-01
4.075396745283651478e-01
4.075396745283651478e-01
4.075396745283651478e-01
4.075396745283651478e-01
4.075396745283651478e-01
4.075396745283651478e-01
4.075396745283651478e-01
4.075396745283651478e-01
4.075396745283651478e-01
4.075396745283651478e-01
4.075396745283651478e-01
4.075396745283651478e-01
4.075396745283651478e-01
4.075396745283651478e-01
4.075396745283651478e-01
4.075396745283651478e-01
4.075396745283651478e-01
4.075396745283651478e-01
4.075396745283651478e-01
5.215211350020021452e-01
8.879655845239758927e-01
9.703174907386302728e-01
1.055981878396868634e+00
1.164692246703803447e+00
1.216551810738444317e+00
1.249761242914199766e+00
1.279259546148777016e+00
1.344654035878181553e+00
1.363186295500397716e+00
1.377042060256004286e+00
1.406539256572723495e+00
1.405252781850099497e+00
1.352484294724464409e+00
1.386301063460111616e+00
1.383024957400560417e+00
1.354534485408663835e+00
1.294445409810543124e+00
1.315898366206884385e+00
1.345815598440170291e+00
1.339216283679008468e+00
1.358664655977487534e+00
1.356308380836248384e+00
1.346882265383005040e+00
1.404434752404689846e+00
1.366496988230943677e+00
1.396741534388065364e+00
1.444992609876394329e+00
1.476874638736247913e+00
1.790353559219837187e+00
2.305356635260582099e+00
2.385998841464519682e+00
2.432467194330692362e+00
2.479779462528228784e+00
2.378496497261524123e+00
2.375763600051402857e+00
2.460706702458858697e+00
2.373212933063507002e+00
2.480212002992630005e+00
2.442663294017314968e+00
2.451855108821392015e+00
2.475048781824111810e+00
2.471889869308471877e+00
2.434227752923965316e+00
2.496433627760410445e+00
2.468258418965339818e+00
2.451248563861847085e+00
2.463963832008838839e+00
2.429980096197128514e+00
2.552479523169994380e+00
2.454982187998294929e+00
2.438022139918804232e+00
2.502167257118224963e+00
2.497662016177177424e+00
2.499416003620624327e+00
2.507988578772544663e+00
2.529677261161804136e+00
2.488244745731353902e+00
2.558611223924160072e+00
2.516064026260376174e+00
2.457158424878120417e+00
2.520265902078151488e+00
2.611790806066990100e+00
2.532486440598964883e+00
2.492814323282241951e+00
2.488933764922618863e+00
2.532647615444659994e+00
2.615915109634399549e+00
2.553786417531967334e+00
2.452979769814014332e+00
2.509614069151878457e+00
2.552391127014160155e+00
2.498591828346252264e+00
2.553400398039817887e+00
2.578500106692314109e+00
2.518639309597015430e+00
2.570653529167175488e+00
2.535727530419826348e+00
2.550587166738510270e+00
2.554595102775096827e+00
2.452269412469863852e+00
2.550774865686893378e+00
2.582311290824413241e+00
2.438469468498229986e+00
2.591082846844196208e+00
2.620528860080242328e+00
2.500235606205463590e+00
2.435949754798412137e+00
2.587352722489833834e+00
2.606574134480953209e+00
2.531207992517948036e+00
2.513874984455108486e+00
2.567435730671882688e+00
2.629247406303882428e+00
2.630460252285003797e+00
2.569308873355388823e+00
2.515744856643676641e+00
2.576990911829471376e+00
2.636481440448760871e+00
2.615520639014244253e+00
2.574899505722522797e+00
2.566100657916069228e+00
2.606601999747752973e+00
2.586778002393245846e+00
2.588603911399841362e+00
2.629605411362648137e+00
2.583857231557369349e+00
2.554308535718917916e+00
2.550807045710086651e+00
2.589791117405891629e+00
2.575969217646122189e+00
2.503677336871624082e+00
2.583263742756843673e+00
2.570189022028446235e+00
2.586259315979480888e+00
2.599695401573181019e+00
2.582639134299755224e+00
2.574632696223258854e+00
2.553269632577896076e+00
2.585639266347885101e+00
2.574260585880279617e+00
2.519711268281936700e+00
2.599338551306724643e+00
2.582314920079708198e+00
2.580251916110515520e+00
2.559086959159374342e+00
2.617430044221877861e+00
2.612170044934749580e+00
2.586102818155288752e+00
2.881524765729904125e+00
3.185120240902900690e+00
3.389447296285629463e+00
3.532730312395095940e+00
3.542315230703354079e+00
3.554882439112663217e+00
3.629089384078979297e+00
3.570093690085410998e+00
3.539302485656738106e+00
3.601532991790771465e+00
3.561930946636199913e+00
3.577452884674072298e+00
3.690682032346725538e+00
3.583819280815124575e+00
3.570767676639556854e+00
3.645480427527427736e+00
3.639092237067222513e+00
3.590363010525703391e+00
3.578833503079414502e+00
3.645060122632980182e+00
3.591654632425308247e+00
3.579411045050620910e+00
3.609734636282921016e+00
3.675976179742812988e+00
3.647211046147346369e+00
3.586886477375030413e+00
3.613723716926574792e+00
3.671285744786262573e+00
3.612790467762946989e+00
3.609172529315948452e+00
3.634473812747001542e+00
3.589265045666694576e+00
3.627641003441810508e+00
3.669594980311393861e+00
3.646162097024917781e+00
3.627150328516960176e+00
3.641311673855781361e+00
3.685495927476882816e+00
3.561257921147346295e+00
3.542241640520095824e+00
3.583261743235587993e+00
3.691886929059028599e+00
3.665814427232742201e+00
3.628713015782833118e+00
3.666187205553054884e+00
3.667403803014755326e+00
3.638548258376121503e+00
3.601576902389526325e+00
3.684232495236396954e+00
3.656452503705024615e+00
3.636562724924087497e+00
3.676929884362220680e+00
3.670781638360023358e+00
3.650568118524551320e+00
3.607084201800823120e+00
3.664236808133125134e+00
3.628491322755813542e+00
3.655713516414165642e+00
3.680301670098304889e+00
3.633327134215831755e+00
3.621896851158142194e+00
3.668286601877212671e+00
3.613188750565051954e+00
3.649201358914375248e+00
3.642516094017028916e+00
3.621525858962535871e+00
3.658728306555747878e+00
3.713872886061668321e+00
3.629383421134948939e+00
3.662997021818160892e+00
3.612715558123588355e+00
3.640635303401947187e+00
3.659765061259269814e+00
3.613823605608940337e+00
3.711393008697033036e+00
3.620538665378093768e+00
3.676464260578155674e+00
3.674086655497550868e+00
3.561958719348907287e+00
3.682694567525386820e+00
3.636103923702239893e+00
3.602988780653476830e+00
3.670373050713539254e+00
3.662696412169933247e+00
3.670376854312420001e+00
3.690323354983329640e+00
3.588832538247108239e+00
3.612033497488498668e+00
3.660837749207019876e+00
3.628452271437645038e+00
3.630546084308624355e+00
3.652381550908088581e+00
3.648047740256786131e+00
3.678948884904384542e+00
3.646485424888134208e+00
3.599928248476981896e+00
3.643725525522231834e+00
3.601883875596523232e+00
3.646875425863266074e+00
3.686646588969230809e+00
4.075973982572555165e+00
4.317515291261672772e+00
4.535518965148925830e+00
4.531981678414345183e+00
4.581687731766701077e+00
4.633773757171630869e+00
4.569637616217136156e+00
4.655474543237685836e+00
4.597142444491386648e+00
4.562010383450984641e+00
4.616322095155715566e+00
4.640533807969092983e+00
4.643500960469245875e+00
4.663233378922939210e+00
4.559014058554172522e+00
4.634477269697189428e+00
4.610793441534042358e+00
4.649905801081657408e+00
4.633216260457039049e+00
4.682774891233444592e+00
4.606729795026779151e+00
4.673740936636924914e+00
4.633870551133155935e+00
4.647635595488548432e+00
4.608431534624100046e+00
4.619190218532085446e+00
4.669368508625030501e+00
4.669275227248668614e+00
4.659237439119816138e+00
4.610349723351001572e+00
4.691950128495693484e+00
4.592475346350670229e+00
4.619921049475669506e+00
4.647652024471759624e+00
4.585269804418087070e+00
4.658789902377128200e+00
4.675330917477607429e+00
4.678218774843215577e+00
4.643609779226779644e+00
4.661609819269179944e+00
4.653761740243434808e+00
4.660957957375049254e+00
4.681163045907020148e+00
4.658688276934623396e+00
4.658938465547561414e+00
4.646139754772185881e+00
4.679961133325099887e+00
4.667724078905582275e+00
4.682710520994663561e+00
4.657385332870483730e+00
4.687207822406292301e+00
4.678123175621032637e+00
4.637756302392483043e+00
4.662982333469391172e+00
4.656984219598769847e+00
4.615394084608555048e+00
4.684230273401737144e+00
4.655737954604625806e+00
4.687036469483375711e+00
4.686272179400920557e+00
4.712767674088477854e+00
4.630835035884380169e+00
4.661586510479450496e+00
4.658439823269843849e+00
4.690433458840846725e+00
4.659181729054450827e+00
4.675195805346965550e+00
4.665456472110748543e+00
4.684032631540298475e+00
4.611614238786697406e+00
4.618161854147911249e+00
4.655694942712783835e+00
4.656743601620197737e+00
4.643712315130233748e+00
4.677769229722023248e+00
4.638245696389675210e+00
4.651957445204257802e+00
4.693869249522686360e+00
4.653142473363875986e+00
4.718896607279777555e+00
4.690991952097415485e+00
4.666230816149711913e+00
4.670911696600914098e+00
4.642543643045425661e+00
4.680966938591003768e+00
4.642394436585902895e+00
4.695565853726863637e+00
4.700993119537830722e+00
4.659855589830875111e+00
4.683435259878635293e+00
4.741400326597690729e+00
4.670453411412238687e+00
4.682772415459155901e+00
4.718545015478134097e+00
4.661402176105975848e+00
4.665562015092373116e+00
4.680065155184268910e+00
4.701401472365856371e+00
4.686364568972587463e+00
4.670514190244674957e+00
5.223369816517830166e+00
5.447876682913303625e+00
5.483391705107688807e+00
5.451627719306945785e+00
5.482531167995929877e+00
5.492416555356979480e+00
5.515131088435650142e+00
5.489175999909639003e+00
5.550127378737926165e+00
5.518278850412368541e+00
5.474409814155102083e+00
5.578944369649887491e+00
5.510191084313392551e+00
5.545369528710842211e+00
5.548692124509811308e+00
5.513528306436538351e+00
5.546095473110676188e+00
5.456274385201931310e+00
5.505224973428249235e+00
5.549419140422344299e+00
5.532951049804687216e+00
5.522528430527448684e+00
5.522224075108766783e+00
5.478814164018631416e+00
5.487503617560863134e+00
5.526025740170478429e+00
5.495534198081493571e+00
5.521285105097294199e+00
5.526383255422115504e+00
5.542414283633232408e+00
5.496295389580726720e+00
5.533128903079032490e+00
5.532375248050689365e+00
5.528495467221737236e+00
5.516628612452745273e+00
5.551467334443330515e+00
5.553303551554679807e+00
5.563597277390956997e+00
5.561405386519432170e+00
5.530338337421417449e+00
5.518877800929546495e+00
5.493026058840751347e+00
5.560736403167247488e+00
5.516721032083034437e+00
5.532222382211685385e+00
5.520974055385589274e+00
5.556226707172394086e+00
5.509039541137218166e+00
5.523751881670952102e+00
5.505326066809892893e+00
5.453881669807434385e+00
5.584630997526645935e+00
5.523786352419853607e+00
5.511907735592126656e+00
5.477927120780944570e+00
5.522594008809328159e+00
5.560139995932579460e+00
5.479382885730266217e+00
5.552387087130546739e+00
5.507428835910558540e+00
5.576525651663541971e+00
5.472786262524127920e+00
5.493509934544563045e+00
5.481307069599628434e+00
5.547640471446514177e+00
5.527752475506066965e+00
5.514091274452209035e+00
5.573071708154678561e+00
5.509004744040965740e+00
5.535233984160423226e+00
5.511093611299991757e+00
5.566913833636045084e+00
5.511505870252848105e+00
5.594664525109529052e+00
5.470307338607311110e+00
5.538166976487636894e+00
5.558706041300296441e+00
5.462985997772216606e+00
5.581063484764099414e+00
5.465319807267189134e+00
5.550959893202781714e+00
5.587458543813228928e+00
5.525113676577806388e+00
5.572448157215118769e+00
5.507859594643115919e+00
5.539134459245205200e+00
5.507714198327064103e+00
5.484492329925299003e+00
5.544374031960964011e+00
5.529599815583228661e+00
5.512455000579357112e+00
5.560355884718894970e+00
5.464625525224208857e+00
5.556310871303081100e+00
5.552846963846683082e+00
5.525650822216272573e+00
5.526698711931705255e+00
5.529613388752937730e+00
5.475935069102049191e+00
5.519568489068746864e+00
6.390366733944415678e+00
6.245308760946989501e+00
6.225565806335210617e+00
6.337518850332498843e+00
6.279987613731623064e+00
6.313207429713011187e+00
6.279486183440685210e+00
6.301654845863581045e+00
6.295126312339306196e+00
6.300282796204090374e+00
6.317465440297127088e+00
6.295697208797931488e+00
6.354723435461520964e+00
6.292784544396400115e+00
6.316896693623066383e+00
6.326922645634413200e+00
6.306081355100870312e+00
6.327209890717267804e+00
6.332649123668670832e+00
6.304289528465271353e+00
6.258103958702087688e+00
6.308736718988418701e+00
6.244373748689890036e+00
6.347294191682339104e+00
6.307156596577167207e+00
6.317373769390583149e+00
6.359954637587070359e+00
6.319131153035163706e+00
6.398263367247581712e+00
6.268670852541923466e+00
6.306057932561635937e+00
6.263351916372775996e+00
6.342320598477125593e+00
6.286208993911743370e+00
6.335285923612118175e+00
6.256115428775548715e+00
6.297841061604023238e+00
6.290789683604240068e+00
6.314795424765348386e+00
6.324970714044570563e+00
6.295372844314575111e+00
6.192509659928083110e+00
6.313319552946090596e+00
6.347395572829246824e+00
6.328211630922555564e+00
6.340328328663110469e+00
6.343756654280424456e+00
6.271209351503848950e+00
6.319154378032684427e+00
6.296668966770171849e+00
6.249678156578540644e+00
6.263635415595770084e+00
6.311668198269605234e+00
6.323019270014762938e+00
6.338244578921794492e+00
6.339386842298507574e+00
6.266060357207059894e+00
6.299945725226402615e+00
6.283872014576196818e+00
6.258285453581810209e+00
6.304680292952061116e+00
6.230799858763814036e+00
6.234407471704482617e+00
6.324340586173534007e+00
6.312845938056707240e+00
6.383615879040956287e+00
6.215551975023746678e+00
6.237672730284929301e+00
6.313444723927974955e+00
6.281961846756934698e+00
6.265970453006029395e+00
6.316669366002082953e+00
6.326756771337985974e+00
6.262983502280712322e+00
6.228408232241869236e+00
6.259057367044687403e+00
6.308683861935138637e+00
6.301277070736885477e+00
6.256440526968241045e+00
6.236408729004859985e+00
6.286977421581744885e+00
6.257297547483443800e+00
6.303037289679050303e+00
6.319493126535415506e+00
6.262173164248466151e+00
6.244427388393878786e+00
6.308455846488476126e+00
6.273807364070415282e+00
6.241167976343631629e+00
6.278877475091815263e+00
6.242806650495529297e+00
6.305541445773839904e+00
6.341311880409717716e+00
6.287329566109180590e+00
6.291219246256351205e+00
6.274768982350826363e+00
6.292958653283118764e+00
6.308280857253074636e+00
6.261400028097629189e+00
6.248872028595209294e+00
6.984060620450973644e+00
7.007709299045800755e+00
6.960310080206394190e+00
6.982839383244514586e+00
6.950611978557706294e+00
6.985840850079059194e+00
6.993647590506077094e+00
7.001462793970108400e+00
6.978482973182201121e+00
6.953085947692394519e+00
6.906723111599683662e+00
7.018587172788381956e+00
6.999391617214679506e+00
7.033309171473979937e+00
6.917579650485515153e+00
7.021960333624481798e+00
6.901469671273231299e+00
6.945537083017826241e+00
7.015866055136918966e+00
6.988532693016528796e+00
6.996392605233192619e+00
6.966781695717573442e+00
6.956846510481834223e+00
6.987720602828264127e+00
6.927844081145525301e+00
6.987094504928588634e+00
6.985732845902442811e+00
6.969139428535103598e+00
7.017700236153602944e+00
6.968838846111297336e+00
6.987082456916570372e+00
6.967528530466556624e+00
6.982564643138647220e+00
6.942158990693092058e+00
6.944963863748312427e+00
7.002604276740551192e+00
7.071087436413765026e+00
6.952812364476919527e+00
6.970801371705531935e+00
7.026934023255109629e+00
6.968198988747596800e+00
6.948969711774587665e+00
6.950121041548252165e+00
7.041806605827808596e+00
6.987410143285989861e+00
6.919657514572143953e+00
6.908444458565115909e+00
6.950443359732627613e+00
6.953273081505298769e+00
6.979423393940925813e+00
6.945756260484457378e+00
6.932744692790508090e+00
6.934023706698417833e+00
6.879993870344757845e+00
6.915920178484916470e+00
6.964585322171449988e+00
6.901160867315530467e+00
6.898144864523410469e+00
6.978274835586548264e+00
6.924071196812390916e+00
6.912089604189992187e+00
6.957162399399280162e+00
6.965940563851594547e+00
6.791046773466467457e+00
6.958716380101442667e+00
6.899100803911686342e+00
6.940133576989174102e+00
6.892071864587068220e+00
6.945572459244727881e+00
6.969904047513008294e+00
6.933300101405381888e+00
6.950445058286190303e+00
6.930777361416816440e+00
6.889293172168732049e+00
6.808248467728495790e+00
6.947279919326305730e+00
6.913859806156158250e+00
6.981402030706405526e+00
6.973456313782929961e+00
6.989204946637153526e+00
7.132507533562183255e+00
7.077788455581664806e+00
7.075010167837143094e+00
7.079282644188404028e+00
7.006413971436023402e+00
6.999293038177490267e+00
7.086411973744630721e+00
7.102857975456118744e+00
7.075677279150485610e+00
7.098814864885807374e+00
7.133946734321117589e+00
7.043493658661842183e+00
7.057968481713533748e+00
7.095550518676638774e+00
7.103580469474196413e+00
7.079660620272159477e+00
7.127671253317594768e+00
7.049571675342320987e+00
7.157058415853977174e+00
7.136247937038540989e+00
7.924386464747786185e+00
7.912210089752077735e+00
7.979700909650325968e+00
7.927157468920945860e+00
8.017080605888367018e+00
8.047985839092731908e+00
8.000377340862154796e+00
7.918181727284193450e+00
8.027557356160878399e+00
7.923351926639676357e+00
7.987945430979132233e+00
8.035324013802409127e+00
7.993125774407387141e+00
8.032961119252442828e+00
8.015776925542951403e+00
7.968365357768536050e+00
8.042418362009525978e+00
7.992883920401334663e+00
8.002346242845058910e+00
8.061417619025707637e+00
7.963577247041463636e+00
8.061650675606728100e+00
7.976634630274772597e+00
7.988589044499397218e+00
8.041880188632012150e+00
7.991180110287666061e+00
8.004094371005892938e+00
7.990296594944596542e+00
7.984808640235662835e+00
7.958869987329840967e+00
7.973982669705152126e+00
8.004972745472192841e+00
7.936770593890547509e+00
7.946119394791126389e+00
7.965889097902178584e+00
7.902565350022912050e+00
8.017697582635284093e+00
7.958361064857244926e+00
7.971445660355687579e+00
8.032288967067003682e+00
7.861521983417868675e+00
7.968540897747874219e+00
8.021339351674914298e+00
7.895846854075789345e+00
7.886957373967766749e+00
7.976363350224494830e+00
7.945416553485393329e+00
7.974247843340039665e+00
8.003228550127149177e+00
7.982150024676323063e+00
7.996143890330195347e+00
8.059834822306036983e+00
7.973051179987192150e+00
7.932159512603282892e+00
7.898826572042703553e+00
7.930718390172719623e+00
7.965144340837001735e+00
8.025060915818810869e+00
8.001296208697556978e+00
8.023848011609912234e+00
7.982272525280714071e+00
8.018757218083738536e+00
8.017571636208892016e+00
7.994678922641277552e+00
8.043739066901803625e+00
7.991658010369539156e+00
7.960955174979567950e+00
8.033380392268300696e+00
8.034401312088967018e+00
8.006783812630176911e+00
8.032266154438257644e+00
7.970022995898127682e+00
7.764903267496824135e+00
7.927743094006181046e+00
