9.665711245500424598e-02
9.665711245500424598e-02
9.665711245500424598e-02
9.665711245500424598e-02
9.665711245500424598e-02
9.665711245500424598e-02
9.665711245500424598e-02
9.665711245500424598e-02
9.665711245500424598e-02
9.665711245500424598e-02
9.665711245500424598e-02
9.665711245500424598e-02
9.665711245500424598e-02
9.665711245500424598e-02
9.665711245500424598e-02
9.665711245500424598e-02
9.665711245500424598e-02
9.665711245500424598e-02
9.665711245500424598e-02
9.665711245500424598e-02
9.665711245500424598e-02
9.665711245500424598e-02
9.665711245500424598e-02
9.665711245500424598e-02
9.665711245500424598e-02
9.665711245500424598e-02
9.665711245500424598e-02
9.665711245500424598e-02
9.665711245500424598e-02
9.665711245500424598e-02
9.665711245500424598e-02
9.665711245500424598e-02
9.665711245500424598e-02
9.665711245500424598e-02
9.665711245500424598e-02
9.665711245500424598e-02
9.665711245500424598e-02
9.665711245500424598e-02
9.665711245500424598e-02
9.665711245500424598e-02
9.665711245500424598e-02
9.665711245500424598e-02
9.665711245500424598e-02
9.665711245500424598e-02
9.665711245500424598e-02
9.665711245500424598e-02
9.665711245500424598e-02
9.665711245500424598e-02
9.665711245500424598e-02
9.665711245500424598e-02
9.665711245500424598e-02
9.665711245500424598e-02
9.665711245500424598e-02
9.665711245500424598e-02
9.665711245500424598e-02
9.665711245500424598e-02
9.665711245500424598e-02
9.665711245500424598e-02
9.665711245500424598e-02
9.665711245500424598e-02
9.665711245500424598e-02
9.665711245500424598e-02
9.665711245500424598e-02
9.665711245500424598e-02
9.665711245500424598e-02
9.665711245500424598e-02
9.665711245500424598e-02
9.665711245500424598e-02
9.665711245500424598e-02
9.665711245500424598e-02
9.665711245500424598e-02
9.665711245500424598e-02
9.665711245500424598e-02
9.665711245500424598e-02
9.665711245500424598e-02
9.665711245500424598e-02
9.665711245500424598e-02
9.665711245500424598e-02
9.665711245500424598e-02
9.665711245500424598e-02
9.665711245500424598e-02
9.665711245500424598e-02
9.665711245500424598e-02
9.665711245500424598e-02
9.665711245500424598e-02
9.665711245500424598e-02
9.665711245500424598e-02
9.665711245500424598e-02
9.665711245500424598e-02
9.665711245500424598e-02
9.665711245500424598e-02
9.665711245500424598e-02
9.665711245500424598e-02
9.665711245500424598e-02
9.665711245500424598e-02
9.665711245500424598e-02
9.665711245500424598e-02
9.665711245500424598e-02
4.123619689293205881e-01
1.295947055557370220e+00
2.403063178730011185e+00
3.587436845791339923e+00
4.939891149330138731e+00
6.524240419340133990e+00
8.507863078308105287e+00
1.096538923192024306e+01
1.264398510851860102e+01
1.170102640728950583e+01
1.175905652256011891e+01
1.190422149686813391e+01
1.250321572551727378e+01
1.280747419486045757e+01
1.357955300626754713e+01
1.431179337649345484e+01
1.479248322114944436e+01
1.523739549250602643e+01
1.514461914591789160e+01
1.637051300582885816e+01
1.756500876059532246e+01
1.854313270149231130e+01
1.954560298480987512e+01
2.055843785433769355e+01
2.135614205923080533e+01
2.143969367251396108e+01
2.200491662430763284e+01
2.207419565427303354e+01
2.357179657635688841e+01
2.483926628422737082e+01
2.567045570578575209e+01
2.593012924337386949e+01
2.659168902912139743e+01
2.809128681302070518e+01
2.951335455174445954e+01
3.045947096524238518e+01
3.139618089227676379e+01
3.276382747011184904e+01
3.371707594280243114e+01
3.509306507606506642e+01
3.631286192121505962e+01
3.699480210189819473e+01
3.745299456892013268e+01
3.774152656137943040e+01
3.851661297039985499e+01
3.965050648910999342e+01
3.994495120248794251e+01
4.055893893051147359e+01
4.274209143457412807e+01
4.335018419466018713e+01
4.346471830992698671e+01
4.400664523129463390e+01
4.464179538908004474e+01
4.532295983114242688e+01
4.450894398565292676e+01
4.453842791452407823e+01
4.569200445623398110e+01
4.630373814764023166e+01
4.653775822992324862e+01
4.448205450181961140e+01
4.494460853157043800e+01
4.529558181037902642e+01
4.432140268722772447e+01
4.376196503154039164e+01
4.440949267020821623e+01
4.415421736911535078e+01
4.492533008966445607e+01
4.762297234444618255e+01
4.904846471588611934e+01
4.917500178520679555e+01
4.889945319274664115e+01
4.953562905210256417e+01
5.133479749968051919e+01
5.235963733854293878e+01
5.424945373849868702e+01
5.575185880956649953e+01
5.723413643703460707e+01
5.825218031759261805e+01
5.831688187351226560e+01
6.077881679840088225e+01
6.217971430015563783e+01
6.413861087322234766e+01
6.599436834831237775e+01
6.717453245239258308e+01
6.875434619293213245e+01
7.017513597564696681e+01
7.155591038799285286e+01
7.206951841621399524e+01
7.449408173074722583e+01
7.523601584305762913e+01
7.527304867620468087e+01
7.582912439765929946e+01
7.886965954813956614e+01
7.937824776911735114e+01
8.088497799940108735e+01
8.228770795454978781e+01
8.476986375768184701e+01
8.640302272336482758e+01
8.755346391922235227e+01
8.871955640134811460e+01
8.951847707724570569e+01
8.959726059716939517e+01
8.952694472398758307e+01
9.122643614535331835e+01
9.199754666538238723e+01
9.183334241409301058e+01
9.216450174942016815e+01
9.338971050910949145e+01
9.370649563980101959e+01
9.414186929473876830e+01
9.477758008098602716e+01
9.520236249980926857e+01
9.560030078582764190e+01
9.610314840049743168e+01
9.641766238594054528e+01
9.628848754215241001e+01
9.649922900466918918e+01
9.659660895614624110e+01
9.727141094818115619e+01
9.725931521568298876e+01
9.772358491325378793e+01
9.758530237693786091e+01
9.749818760452269828e+01
9.758574955635070580e+01
9.757841794967652049e+01
9.800461819953918052e+01
9.841678803596497005e+01
9.903755230369567641e+01
9.971570346794128170e+01
1.002556750499725382e+02
1.010031951103210446e+02
1.012533135925292953e+02
1.013568392021179250e+02
1.015136193176269472e+02
1.015476015357971136e+02
1.016848576282501284e+02
1.022042151634216367e+02
1.027775186035156310e+02
1.028330783729553275e+02
1.029530466594696065e+02
1.031660529422759964e+02
1.030266107471466057e+02
1.031420177696227967e+02
1.030879531452178952e+02
1.034215032699584924e+02
1.033098008422851564e+02
1.033429740447998029e+02
1.030052335906982393e+02
1.045604208572387677e+02
1.025738885791778614e+02
1.007100936418533337e+02
1.029821562043666887e+02
1.046701612725973121e+02
1.063958569927453937e+02
1.072317355421781571e+02
1.083677985974907898e+02
1.098330800662398303e+02
1.118437049680709805e+02
1.112658022046923634e+02
1.106152918144226049e+02
1.092748187080740934e+02
1.086282829440832103e+02
1.078803365562915815e+02
1.083581858399391109e+02
1.090119619192004166e+02
1.115357412665367178e+02
1.138080299816012371e+02
1.134829193683624311e+02
1.143303830449581113e+02
1.162851858992934240e+02
1.182201594106674207e+02
1.225248341272473311e+02
1.237215942028522448e+02
1.256288273956298838e+02
1.285967577693939177e+02
1.299011153915405146e+02
1.295478533756256070e+02
1.300155766975402969e+02
1.295043288307190039e+02
1.310868581596374440e+02
1.301088140071868793e+02
1.294401154029846168e+02
1.290026471073150560e+02
1.276117008132934529e+02
1.287085428802490128e+02
1.294992850090026764e+02
1.296923643356323339e+02
1.289853690971374647e+02
1.285072491874694833e+02
1.286871330886840781e+02
1.288105939689636159e+02
1.294456642543792668e+02
1.296024825515746954e+02
1.316153729969024653e+02
1.337149368622779946e+02
1.365546137216568070e+02
1.349239076114654665e+02
1.328362262750625575e+02
1.348388412660598874e+02
1.339905719902038470e+02
1.318416573799133289e+02
1.315535128818511907e+02
1.324309776748657157e+02
1.319116996723174964e+02
1.298180659908294672e+02
1.303044738853454589e+02
1.312257812351226676e+02
1.281293689598083461e+02
1.289648421592712282e+02
1.308275549648284937e+02
1.318610834455490135e+02
1.311090106941223041e+02
1.289414076353073142e+02
1.233120358160972643e+02
1.218899664070129347e+02
1.221957802234649648e+02
1.212382125946044908e+02
1.219696054369926514e+02
1.235487980632781984e+02
1.279025300075530964e+02
1.315858195476531876e+02
1.324238342252731400e+02
1.329972755161285534e+02
1.349773426738738920e+02
1.384106228698730376e+02
1.398248606189727923e+02
1.387704130569458130e+02
1.379194895153045763e+02
1.393933732254028257e+02
1.378961719131469863e+02
1.384275443237304728e+02
1.404465522525787264e+02
1.419391811798095659e+02
1.393731012901306201e+02
1.371674812198639017e+02
1.364847175899505487e+02
1.374435131610870258e+02
1.370747533134460525e+02
1.352283956312179498e+02
1.371359802228927549e+02
1.341312583731412929e+02
1.336150325925588618e+02
1.345432784404277697e+02
1.345933886612176877e+02
1.352355226484775415e+02
1.370090073878288308e+02
1.371466981608390938e+02
1.370457654558181844e+02
1.359588182006835950e+02
1.346951470209121737e+02
1.352042614582061901e+02
1.351652231860160782e+02
1.301141990889072417e+02
1.290318424219131543e+02
1.302489517489314039e+02
1.315887651156544678e+02
1.312655252686738834e+02
1.287312313751816646e+02
1.317479131759166648e+02
1.303990678431511014e+02
1.297536797610998178e+02
1.304064877074718538e+02
1.299877185901284236e+02
1.272100544214606259e+02
1.260848067273139890e+02
1.253155001261472705e+02
1.268894390093803395e+02
1.271926295909881617e+02
1.276348446468353330e+02
1.251134516856670444e+02
1.241434719690322908e+02
1.265151936144828824e+02
1.269968838297843945e+02
1.285768972463607724e+02
1.270834268872022648e+02
1.254381165107965472e+02
1.250785126522541049e+02
1.244247127491235716e+02
1.251953670399427381e+02
1.236677676975727138e+02
1.238232262461662287e+02
1.259093126602172816e+02
1.271348269566535976e+02
1.283882322830200167e+02
1.266948392113924058e+02
1.265822469719409895e+02
1.272136772873878527e+02
1.294815648589610930e+02
1.336584209046602325e+02
1.342730726978778932e+02
1.354935209182500842e+02
1.342876204109430205e+02
1.329835082597732594e+02
1.291129241168022190e+02
1.296507849683284803e+02
1.308211931735992550e+02
1.294160131064653285e+02
1.278815876482009912e+02
1.243210012205123860e+02
1.241052188899040232e+02
1.253602481922149678e+02
1.243685195672035206e+02
1.255214497897863453e+02
1.274606736311912556e+02
1.320226407961606867e+02
1.326443690452575765e+02
1.358494047136306904e+02
1.374018124443531121e+02
1.398522759792327861e+02
1.421936360772132844e+02
1.421432294055700254e+02
1.418860889168739448e+02
1.479786376609802119e+02
1.491928133935928429e+02
1.526927340511321916e+02
1.531075945510864358e+02
1.539491426174163848e+02
1.526749097278595002e+02
1.524464958484649628e+02
1.532306619602203455e+02
1.533718176887512072e+02
1.540382562309265211e+02
1.533653088268279987e+02
1.521983600299835189e+02
1.519896158185958939e+02
1.489250962060928316e+02
1.492405496189117571e+02
1.510801377168655506e+02
1.508041264850616585e+02
1.519274915037155154e+02
1.507934464969634973e+02
1.510493655199050806e+02
1.506998545917272452e+02
1.507985796606540703e+02
1.509468695526599902e+02
1.521935806442737658e+02
1.512947076188564210e+02
1.517099998420476936e+02
1.542065446460723876e+02
1.550222011703252747e+02
1.549532361391067639e+02
1.561348266588211118e+02
1.565006453231811463e+02
1.567057780864715539e+02
1.585447179017066901e+02
1.582133690660476759e+02
1.597551231143951327e+02
1.592167870992660426e+02
1.583894834386825607e+02
1.592845639409065370e+02
1.594406388792991720e+02
1.574504778151512028e+02
1.595598362642288066e+02
1.606347280475616515e+02
1.605143783990859845e+02
1.590020926912307857e+02
1.531969129629135011e+02
1.505143426172971601e+02
1.449527931684494035e+02
1.448345871006965524e+02
1.405534024952411585e+02
1.368770004979610349e+02
1.382714104691982300e+02
1.389568829312324567e+02
1.375438228791713584e+02
1.378009280565261747e+02
1.354860530503988230e+02
1.348706713288307242e+02
1.334439918261766422e+02
1.322410516943693040e+02
1.321537114644527549e+02
1.319188388720274077e+02
1.317564146380424575e+02
1.316561979637384354e+02
1.303818866226911553e+02
1.317660985455751472e+02
1.324718480651378627e+02
1.364793425190687230e+02
1.387280297426223683e+02
1.410962906833648560e+02
1.433146431620597809e+02
1.433581481583595405e+02
1.439276766975879696e+02
1.422079899669170402e+02
1.423506463199138636e+02
1.425931672668933743e+02
1.434819700665950677e+02
1.440128376930236698e+02
1.443060968602180481e+02
1.442660653600215994e+02
1.419634631280898986e+02
1.416515136888980919e+02
1.380939803822040517e+02
1.352172301571845878e+02
1.309806608777046222e+02
1.294085810904502978e+02
1.260477805381774914e+02
1.234963150794982880e+02
1.218546216445922852e+02
1.210755514469146732e+02
1.193046645604133573e+02
1.162961179460048697e+02
1.154588673403263073e+02
1.133925902577400251e+02
1.102675861380577089e+02
1.091059232566833543e+02
1.071691864055633516e+02
1.028515962704658477e+02
1.013315460958480827e+02
1.013353988592624688e+02
1.008577340772151985e+02
1.029885576912879941e+02
1.040958514302015345e+02
1.029395148829936915e+02
1.042910544079065289e+02
1.094024841380238513e+02
1.125748765432596201e+02
1.131698495554566364e+02
1.136039397230625099e+02
1.138512072828054471e+02
1.142109930843114824e+02
1.161124029511928626e+02
1.165183571660041792e+02
1.174091069474220319e+02
1.165267934467315740e+02
1.166514305482864415e+02
1.159326815663576156e+02
1.154844414438962872e+02
1.150140250450849493e+02
1.149695164535760910e+02
1.143866246083736371e+02
1.129636143223524130e+02
1.139285309742927552e+02
1.143402722448349067e+02
1.118383754353046413e+02
1.102676964724540767e+02
1.110055106509685459e+02
1.091928422648429802e+02
1.073855784768581429e+02
1.060382737143039691e+02
1.040847608906269102e+02
1.035787094131469672e+02
1.046020197794914282e+02
1.042999533327102597e+02
1.045526650107860576e+02
1.030125630528449960e+02
1.010174382631778656e+02
1.012786387329101530e+02
1.015564685807228074e+02
1.008774458023548135e+02
1.001986299242496443e+02
1.018698970919132165e+02
1.027478136252403260e+02
1.058464044958591472e+02
1.053005410124301875e+02
1.051022667134165829e+02
1.049380807420134545e+02
1.080888559715270958e+02
1.106804890345096624e+02
1.115291177799224869e+02
1.102488423637628614e+02
1.097243293683052059e+02
1.081727895182609558e+02
1.051026249774456005e+02
1.041398375951290092e+02
1.051463812662601498e+02
1.067264508154392217e+02
1.052385648685455379e+02
1.071192807506561309e+02
1.061321570721626273e+02
1.079387577952861790e+02
1.089311202625751491e+02
1.076990948844432836e+02
1.055497168190002384e+02
1.067050975200653085e+02
1.098760310210704745e+02
1.127834979455947888e+02
1.135114167984962421e+02
1.133579861104011570e+02
1.132940099295139333e+02
1.114679239551544185e+02
1.108307786481380504e+02
1.098591562950134346e+02
1.106568045221328731e+02
1.120876534423351245e+02
1.109283372488021797e+02
1.089974733051300007e+02
1.111572617756366697e+02
1.117653645383358025e+02
1.102156654483318334e+02
1.088010317703723899e+02
1.103520816616058369e+02
1.090119007785797152e+02
1.106600101989984495e+02
1.137290906085014370e+02
1.115289049740552940e+02
1.130483842477440817e+02
1.136578977708816467e+02
1.146041676071166933e+02
1.168761551919937176e+02
1.201327656019210792e+02
1.209594092404365568e+02
1.225014886520385744e+02
1.239107439805030850e+02
1.241273928913593352e+02
1.251824059470653481e+02
1.252839263623237542e+02
1.242892928939342454e+02
1.238877490204334322e+02
1.238459890766143729e+02
1.247742128536224300e+02
1.270791601817607841e+02
1.265669942597389195e+02
1.270266578418254824e+02
1.287948417710780973e+02
1.287893056064128814e+02
1.298831348243236619e+02
1.309727447570800791e+02
1.287856319957256233e+02
1.247910852959632848e+02
1.235758539527893021e+02
1.243813947947978988e+02
1.204811111227989215e+02
1.194872807732105287e+02
1.182395364738464423e+02
1.209113910654544810e+02
1.184897459920406391e+02
1.194408912442922599e+02
1.187087795307397897e+02
1.182617770520091085e+02
1.179517992366313877e+02
1.169997126948773882e+02
1.173510798822343304e+02
1.147621506841540366e+02
1.135932213932275801e+02
1.150227962720632604e+02
1.144015347938180014e+02
1.144092854501724190e+02
1.135126003680706077e+02
1.136017015675544712e+02
1.136236378270149174e+02
1.149491609969139034e+02
1.172996890938758838e+02
1.189424866549491924e+02
1.174265279521942205e+02
1.175194549961090047e+02
1.185287330520629894e+02
1.188923227981567408e+02
1.175418168390274047e+02
1.156358835613250733e+02
1.168413152925968177e+02
1.187002625043868989e+02
1.213492159058570792e+02
1.222521624585151727e+02
1.221994241946220399e+02
1.238987024507045760e+02
1.249027398034095739e+02
1.257109200335025747e+02
1.258406143978595679e+02
1.265225283500671338e+02
1.260480444080829585e+02
1.252847524648666422e+02
1.248931606876850111e+02
1.250764430027484906e+02
1.239910987537383988e+02
1.231344638669490763e+02
1.227525827681541415e+02
1.227201853492260000e+02
1.233884883702278188e+02
1.249634544235229470e+02
1.243939483329772884e+02
1.242869190631866445e+02
1.242808927640914902e+02
1.258534986610412574e+02
1.260598573869705206e+02
1.252755059598922713e+02
1.240210141418456971e+02
1.236600640932083195e+02
1.232552612358093285e+02
1.234174998649597228e+02
1.233567677774429256e+02
1.219885092388153112e+02
1.229739056770324765e+02
1.241762783828735337e+02
1.249763673206329315e+02
1.259599774444580049e+02
1.261365861169815048e+02
1.266668084203720070e+02
1.252824630685806255e+02
1.270871680507659960e+02
1.250381950641632045e+02
1.260932652671813941e+02
1.281651223333358871e+02
1.284294186906814446e+02
1.225203098594665505e+02
1.191331178647041327e+02
1.189152059853553709e+02
1.199185081864357016e+02
1.222522386640548717e+02
1.223961166603088344e+02
1.226681893337249818e+02
1.222940854652404852e+02
1.239782548612594582e+02
1.235125171326637314e+02
1.247524152044296244e+02
1.228539542700767555e+02
1.206280330112457335e+02
1.201962725742340155e+02
1.211610438140869093e+02
1.197800792048454355e+02
1.191237730146408040e+02
1.198632866613388046e+02
1.192142549098968516e+02
1.181430178934097341e+02
1.202688887697219826e+02
1.216711254875183101e+02
1.219676702326774631e+02
1.217254989583969120e+02
1.213641207405090370e+02
1.244788960773468034e+02
1.271420507417678891e+02
1.289573340549468980e+02
1.295994589670181369e+02
1.279076763765335016e+02
1.258378477531433077e+02
1.231117241167068528e+02
1.239543381959915109e+02
1.257580967685699420e+02
1.257013019832611036e+02
1.263227002655029310e+02
1.274234795944213801e+02
1.265089527416229203e+02
1.272632755451202371e+02
1.279895832744598323e+02
1.266089133331298768e+02
1.276271328475952203e+02
1.265603072227478094e+02
1.237294394298553470e+02
1.226769432052612245e+02
1.172275748622894298e+02
1.151463752559661913e+02
1.135272806743621885e+02
1.157450157417297305e+02
1.158494501496791855e+02
1.155623092163085914e+02
1.144963545132160192e+02
1.161547069686889699e+02
1.171641215368747737e+02
1.176072058997154244e+02
1.196108944251060535e+02
1.180630719872474685e+02
1.204732792963981609e+02
1.227600675202369729e+02
1.231328818329334212e+02
1.236122618907451596e+02
1.237535846995353666e+02
1.223529760630607655e+02
1.253417063912391711e+02
1.260247663488864873e+02
1.255107526500701880e+02
1.249055910878658295e+02
1.275289946057319668e+02
1.283804759888172100e+02
1.277115919850349428e+02
1.278410087732315077e+02
1.290095773934841077e+02
1.315379310724258346e+02
1.333881078365325834e+02
1.353440015342712286e+02
1.329336223033905071e+02
1.309148028793335072e+02
1.297406166049003673e+02
1.275963693478584275e+02
1.297077574614524735e+02
1.319352494801521232e+02
1.335364666103363049e+02
1.365724066382408068e+02
1.373686305183410639e+02
1.381870255503654619e+02
1.361808258613586418e+02
1.409016244559288111e+02
1.429110074971198969e+02
1.443140352477073804e+02
1.461561941267967200e+02
1.480930896256446943e+02
1.473446034786224459e+02
1.471951640071868894e+02
1.466390117017745922e+02
1.460006674180984589e+02
1.447980061874389719e+02
1.454418833871841343e+02
1.454647324367523140e+02
1.450717384092330917e+02
1.448804362360000653e+02
1.446305865146636904e+02
1.452436259468078674e+02
1.442148683521270698e+02
1.447586582761764475e+02
1.443661924468994187e+02
1.435426312856674258e+02
1.457359497634887759e+02
1.450932405014038125e+02
1.457999615964889415e+02
1.477653343482971309e+02
1.482606779575347957e+02
1.492854937381744378e+02
1.493512468803405682e+02
1.490099138069152787e+02
1.451323877204895041e+02
1.447352118453979415e+02
1.443699271163940523e+02
1.432557077594757118e+02
1.448907939392089759e+02
1.436590804103851440e+02
1.437393362716674687e+02
1.421459241230010946e+02
1.409209294311523308e+02
1.396603203193664626e+02
1.402112770042419356e+02
1.384042944906234709e+02
1.380798330104827869e+02
1.389013663429260248e+02
1.390798915287017792e+02
1.385603792251586981e+02
1.398756786003112893e+02
1.405439159585952780e+02
1.403403159553527928e+02
1.412642798799514878e+02
1.429756856311798003e+02
1.422954572208404613e+02
1.425358713647842421e+02
1.428505580734253044e+02
1.429541598234176547e+02
1.425074412553787226e+02
1.416494110813140992e+02
1.399415475580215400e+02
1.393087972003936841e+02
1.390767921932220474e+02
1.381880469127655147e+02
1.367515032304763736e+02
1.341069617422103875e+02
1.350686929176330580e+02
1.343143872432708861e+02
1.350269767675399919e+02
1.365209597248077387e+02
1.373253107835769526e+02
1.367889263500213701e+02
1.367205046260833683e+02
1.362688919136047332e+02
1.382006757400512811e+02
1.379111809713363641e+02
1.369954869832992586e+02
1.365123607893943927e+02
1.357842157618522663e+02
1.353636034548759426e+02
1.359341934968948351e+02
1.352995189232826192e+02
1.351819892278671205e+02
1.328746389181613949e+02
1.308467643114090038e+02
1.334405295890808247e+02
1.364151125541687009e+02
1.378612633865356543e+02
1.379284116054535048e+02
1.394696796829223615e+02
1.390801011684417858e+02
1.407550210899352976e+02
1.415001643608093218e+02
1.413764327751159726e+02
1.380049129375457824e+02
1.371511067274093705e+02
1.376313550764083971e+02
1.360003196268081638e+02
1.364766552829742352e+02
1.367246256008148180e+02
1.375148254463195769e+02
1.383599565882682896e+02
1.386457863512039239e+02
1.371073243482589703e+02
1.357123986335754466e+02
1.361255208057403649e+02
1.360575158132553213e+02
1.369722327797889818e+02
1.379969541532516359e+02
1.385580344044685432e+02
1.386569098499298036e+02
1.384364696347236645e+02
1.377705295691490051e+02
1.370447034943580604e+02
1.364049446667671077e+02
1.357175399368286151e+02
1.365175378407478206e+02
1.365858926429748408e+02
1.371869624366760263e+02
1.371516110606193593e+02
1.381322091782569998e+02
1.377018248682975639e+02
1.369534116260528549e+02
1.365824905103683591e+02
1.359520995203018288e+02
1.374945668426513805e+02
1.364607352409362875e+02
1.342024177028656027e+02
1.341953918945312410e+02
1.354839520924568035e+02
1.358443596827507065e+02
1.353971992018699666e+02
1.333025675206184246e+02
1.329040218954086185e+02
1.324910294775009163e+02
1.320432195214271474e+02
1.308263768989563118e+02
1.320474242653846773e+02
1.308253211585044937e+02
1.282819182795524569e+02
1.283575412734031715e+02
1.251376899022579181e+02
1.235129328540325133e+02
1.241694132054328890e+02
1.249543778885841334e+02
1.260327033657073912e+02
1.283841940658569456e+02
1.280855161428451652e+02
1.285380634000778173e+02
1.286066871055602974e+02
1.287783051254272380e+02
1.295289255875110541e+02
1.297454340628623868e+02
1.306033489157676684e+02
1.322824594212532077e+02
1.334402419888496354e+02
1.357509050732612650e+02
1.366337456221580453e+02
1.354919214704036676e+02
1.326063007806301073e+02
1.319827858893394534e+02
1.322812124013900643e+02
1.339318957280635800e+02
1.334369295716285819e+02
1.328311643952369820e+02
1.336741549055099370e+02
1.337639446172237285e+02
1.336868244897365514e+02
1.348075220548629716e+02
1.343259409838199474e+02
1.345654282157898081e+02
1.347439116122722567e+02
1.344504134383201688e+02
1.343051208847999476e+02
1.342062893289566148e+02
1.343638098366260465e+02
1.343142544367790094e+02
1.345965536757946097e+02
1.349760561486721144e+02
1.350274404414653873e+02
1.352305583520889343e+02
1.322104535904407498e+02
1.337151220036983545e+02
1.308666400816917417e+02
1.305849984418869099e+02
1.307923012315273184e+02
1.301842264123439747e+02
1.301519038511276278e+02
1.290808430035591243e+02
1.289771847215652372e+02
1.295063013698577947e+02
1.319021684897422801e+02
1.337795963595390276e+02
1.344980743574142537e+02
1.346870984262466493e+02
1.349603579961776632e+02
1.370560390167236449e+02
1.389697852811813448e+02
1.390234719280242928e+02
1.410247423869132888e+02
1.404119940497398318e+02
1.412995772162437333e+02
1.392229463127136171e+02
1.403787149936676144e+02
1.407280486556053063e+02
1.352439567668914719e+02
1.405965054370880125e+02
1.387891926681518555e+02
1.427455471235275297e+02
1.467878637086868423e+02
1.468262290487289476e+02
1.467399310548782410e+02
1.410967371631622314e+02
1.387945580711364642e+02
1.371089654005050704e+02
1.365047666975021343e+02
1.369349345697403066e+02
1.382960718610763422e+02
1.394349446697235066e+02
1.377907905242919924e+02
1.373931798700332649e+02
1.377520859327316316e+02
1.383561926166534306e+02
1.379117271560668883e+02
1.372518669807434151e+02
1.368113153083801308e+02
1.360601753980636488e+02
