-3.648903607482788941e-02
-3.648903607482788941e-02
-3.648903607482788941e-02
-3.648903607482788941e-02
-3.648903607482788941e-02
-3.648903607482788941e-02
-3.648903607482788941e-02
-3.648903607482788941e-02
-3.648903607482788941e-02
-3.648903607482788941e-02
-3.648903607482788941e-02
-3.648903607482788941e-02
-3.648903607482788941e-02
-3.648903607482788941e-02
-3.648903607482788941e-02
-3.648903607482788941e-02
-3.648903607482788941e-02
-3.648903607482788941e-02
-3.648903607482788941e-02
-3.648903607482788941e-02
-3.648903607482788941e-02
-3.648903607482788941e-02
-3.648903607482788941e-02
-3.648903607482788941e-02
-3.648903607482788941e-02
-3.648903607482788941e-02
-3.648903607482788941e-02
-3.648903607482788941e-02
-3.648903607482788941e-02
-3.648903607482788941e-02
-3.648903607482788941e-02
-3.648903607482788941e-02
-3.648903607482788941e-02
-3.648903607482788941e-02
-3.648903607482788941e-02
-3.648903607482788941e-02
-3.648903607482788941e-02
-3.648903607482788941e-02
-3.648903607482788941e-02
-3.648903607482788941e-02
-3.648903607482788941e-02
-3.648903607482788941e-02
-3.648903607482788941e-02
-3.648903607482788941e-02
-3.648903607482788941e-02
-3.648903607482788941e-02
-3.648903607482788941e-02
-3.648903607482788941e-02
-3.648903607482788941e-02
-3.648903607482788941e-02
-3.648903607482788941e-02
-3.648903607482788941e-02
-3.648903607482788941e-02
-3.648903607482788941e-02
-3.648903607482788941e-02
-3.648903607482788941e-02
-3.648903607482788941e-02
-3.648903607482788941e-02
-3.648903607482788941e-02
-3.648903607482788941e-02
-3.648903607482788941e-02
-3.648903607482788941e-02
-3.648903607482788941e-02
-3.648903607482788941e-02
-3.648903607482788941e-02
-3.648903607482788941e-02
-3.648903607482788941e-02
-3.648903607482788941e-02
-3.648903607482788941e-02
-3.648903607482788941e-02
-3.648903607482788941e-02
-3.648903607482788941e-02
-3.648903607482788941e-02
-3.648903607482788941e-02
-3.648903607482788941e-02
-3.648903607482788941e-02
-3.648903607482788941e-02
-3.648903607482788941e-02
-3.648903607482788941e-02
-3.648903607482788941e-02
-3.648903607482788941e-02
-3.648903607482788941e-02
-3.648903607482788941e-02
-3.648903607482788941e-02
4.071489082992076902e-01
8.231415313899517194e-01
1.365895330774784089e+00
1.916081088292598711e+00
2.623277843749522997e+00
3.300795797252654928e+00
4.074830378913879336e+00
4.902609461545944569e+00
5.428416104149818011e+00
6.099965263843536434e+00
6.646344854545593428e+00
6.856647507095336991e+00
7.254602402830124142e+00
7.648315663385391261e+00
8.008572136211395076e+00
8.272752512836456518e+00
8.842545851325988693e+00
9.292349626111985117e+00
9.720724474930763748e+00
9.239453138875960647e+00
9.108650961327553475e+00
8.572482812690735088e+00
8.361188053226470629e+00
8.418317098784447339e+00
8.232239667367934999e+00
7.644649980998039496e+00
7.679331268095969776e+00
7.508508814334869719e+00
7.365166302871704040e+00
7.193423229956627196e+00
7.132090362358093572e+00
7.136877218556404223e+00
7.223993884325027537e+00
6.929481454563140908e+00
6.945861119031905950e+00
6.885084605360031418e+00
6.654059488248824650e+00
6.627319165611266882e+00
6.601501105356216037e+00
6.506794117665291033e+00
6.471021295189857803e+00
6.516524925017356473e+00
6.652306617927551180e+00
6.582485152518748883e+00
6.570316947245597561e+00
6.718574300754069917e+00
6.596227310466765914e+00
6.730518222951888951e+00
6.768990172314643949e+00
6.735660098397731943e+00
6.766460260879993527e+00
6.755567990827560543e+00
6.655235548281669189e+00
6.803041420149803287e+00
6.851464628100394805e+00
7.092771622538566412e+00
7.345147670340537616e+00
7.461680659842491181e+00
7.752141333216428620e+00
8.071060447430610907e+00
8.326141593396663154e+00
8.338297201287746319e+00
8.385403239607811088e+00
8.520975898253917435e+00
8.868050671529770668e+00
8.764343102425335985e+00
9.034399049997329456e+00
9.244832018089294223e+00
9.398725669193268573e+00
9.508228005683422523e+00
9.535882470440864012e+00
9.639380849194527201e+00
9.707958982038498164e+00
9.732499751818179945e+00
9.680315202462672630e+00
9.627107415485381736e+00
9.609949865782260403e+00
9.653661678624153808e+00
9.577445680010319151e+00
9.638774838632345521e+00
9.591191086220741013e+00
9.614583696860075079e+00
9.551580381643772100e+00
9.370392607402800778e+00
9.247191893404721696e+00
9.287159187057614673e+00
9.198732167041301366e+00
9.117944073298573926e+00
9.338442911076546338e+00
9.435537227144838113e+00
9.532453325867653149e+00
9.732207314968109202e+00
9.916795570731162357e+00
1.015794363603591854e+01
1.031151389527320816e+01
1.032569891226291681e+01
1.062330393910407977e+01
1.047566047959327662e+01
1.035243916003704001e+01
1.013847828576564858e+01
9.816048152852058450e+00
9.860917987895012615e+00
9.777935045337677877e+00
9.952585950326920283e+00
1.016693235590457967e+01
1.022175265042781866e+01
1.012804101285934522e+01
1.009921485791206308e+01
9.932159511709214073e+00
1.001775106754302946e+01
1.006951488347053569e+01
9.841571908092499044e+00
9.973368150615691263e+00
1.003857285223007167e+01
1.000756777811050391e+01
1.016519167313575700e+01
1.019759157357215962e+01
1.005094773201942360e+01
9.720087143349648073e+00
9.660451988124847844e+00
9.754721524870396010e+00
1.015049962108135162e+01
1.062595203213691697e+01
1.035226974750757201e+01
1.033735799548625955e+01
1.013143571397066189e+01
9.925857328045367467e+00
1.015399476783275645e+01
9.922357508593798059e+00
9.911536782777309540e+00
9.806443862384558230e+00
9.628699541664124339e+00
9.732863905906677715e+00
9.696112530910967919e+00
9.611775553631781932e+00
9.632415670859813872e+00
9.649490119099617402e+00
9.649320635545253211e+00
9.662371164608002161e+00
9.491455954056977617e+00
9.244569684076308747e+00
9.321037863945960567e+00
9.443963914442061736e+00
9.633082924079895193e+00
9.919085477852821242e+00
1.004772306246757552e+01
1.035752226338386528e+01
1.008523893098831259e+01
1.013112677967548336e+01
1.031676813383102420e+01
1.032666414742469740e+01
1.023978863143920925e+01
1.006683787689208920e+01
1.020223975853919995e+01
1.004547143554687416e+01
9.972116494417191390e+00
9.727721129035948877e+00
9.737854197978974113e+00
9.929416763257981060e+00
9.930617799472809537e+00
9.961668122100830303e+00
9.665573350811005326e+00
9.605766743850708167e+00
9.591135223388672415e+00
9.493812815403938288e+00
9.639829280191660743e+00
9.531668894201517972e+00
9.588130555891989815e+00
9.642395340633392209e+00
9.717976416611671553e+00
9.752728491306305258e+00
9.779120468664169508e+00
9.971733335137367149e+00
9.718572994208335203e+00
9.844918441075087401e+00
9.709429895603657101e+00
9.613777885854243976e+00
9.519214214342833102e+00
9.777846365010738339e+00
9.687216079092026533e+00
9.641423804020881505e+00
9.462106762313842623e+00
9.416308213156462159e+00
9.467441658163069818e+00
9.414618019700050411e+00
9.487779041814803804e+00
9.427406662797928050e+00
9.465300540399551821e+00
9.573927035069464964e+00
9.668672037506103933e+00
9.802896396470069718e+00
9.930265277385711187e+00
9.921629168796538778e+00
9.814785615777969596e+00
9.895922763991356064e+00
9.948758060544729886e+00
9.755138239717483728e+00
9.800550498270988342e+00
9.801597393602133224e+00
9.661672534036636506e+00
9.818881390476226656e+00
9.647709773254394605e+00
9.684959700036049668e+00
9.722893501025438923e+00
9.768156853652000038e+00
9.799249780982732361e+00
9.662093674230575857e+00
9.657997267675400010e+00
9.602619903892279041e+00
9.677410752284526296e+00
9.714362860774993891e+00
9.786005508327484392e+00
9.748097095668315504e+00
9.605139759826659684e+00
9.537035698550939244e+00
9.786264449167251911e+00
9.660257337772845787e+00
9.761559286332129659e+00
9.741494465541839176e+00
9.829676308155059772e+00
9.912659602069854969e+00
9.823257100492716276e+00
9.951586477392911689e+00
1.000440456725955052e+01
1.006572959183454508e+01
1.016986664560437248e+01
1.050864074451923358e+01
1.038827273750305125e+01
1.042453825023174296e+01
1.047247338502407032e+01
1.042865923805236861e+01
1.040906604857444684e+01
1.026783522205352739e+01
1.019727270569801370e+01
1.019433180699348362e+01
1.029889612069129967e+01
1.020022002059221222e+01
1.012275620453357661e+01
1.015645101287364938e+01
9.984434317493438016e+00
9.884233807945252082e+00
9.786142493557930422e+00
9.776220506119727816e+00
9.847750290250777638e+00
1.000912039417028510e+01
9.949527112007141127e+00
9.945641335654258341e+00
9.873580314910411104e+00
9.854740221512317433e+00
9.764111002087593860e+00
9.716277901351451973e+00
9.778448991441726079e+00
9.877978342616557939e+00
9.834425056934357201e+00
9.740357751357555216e+00
9.710273637914657030e+00
9.676971507847309084e+00
9.700544487941265004e+00
9.621490385437011739e+00
9.482495680069924049e+00
9.551865814542770394e+00
9.682192760086060446e+00
9.674487344026566404e+00
9.518389143991470291e+00
9.408775236272811426e+00
9.515776034390926341e+00
9.626503730726241770e+00
9.863692034149169174e+00
9.856890618252753811e+00
9.981377688407897963e+00
9.937593069148062952e+00
9.808342664456366933e+00
9.876155582690238077e+00
9.987873332786559644e+00
1.021466545145511695e+01
1.021951714905500452e+01
9.941788888835906945e+00
9.822283921849727761e+00
9.664549481832981570e+00
9.240230086839199330e+00
9.041891205370426121e+00
8.869279725170136075e+00
8.785472312122584171e+00
8.898790228539704472e+00
8.806082188683747702e+00
8.938120435005426856e+00
8.982954418355227233e+00
8.951858933317661027e+00
8.904282080072164263e+00
8.825884463405609281e+00
8.844749748289585156e+00
8.883551166254282094e+00
8.924548041760921535e+00
8.950803895288705903e+00
8.952419688975810530e+00
9.031410576689243186e+00
9.065835593152046457e+00
8.969604840457439110e+00
9.028226893591881463e+00
9.045856638276577044e+00
9.202318852066992960e+00
9.155776107323170265e+00
9.206290039622784249e+00
9.234144784533977912e+00
9.184448511970042972e+00
9.103708681011200454e+00
9.378209631729125917e+00
9.479521724641323033e+00
9.518468740534782313e+00
9.416701269996165635e+00
9.528873823857306746e+00
9.216607289910315970e+00
9.245791062182188824e+00
9.064053610020875951e+00
8.804759467869997636e+00
8.803572307932377328e+00
8.882840301316976550e+00
8.971619004666806063e+00
9.022893611276149528e+00
9.037379733061790432e+00
9.018692209613323740e+00
8.987375313603877203e+00
8.992216399288176731e+00
9.075292818152904673e+00
9.117031102567910494e+00
9.127149973082541834e+00
9.236950844621658163e+00
9.316496492600441215e+00
9.306025983428954262e+00
9.402110687470436545e+00
9.457813048362732289e+00
9.451392337894439777e+00
9.521276520526409826e+00
9.655200679636001482e+00
9.556063243424892661e+00
9.592641627430916529e+00
9.578192823326586947e+00
9.513339133477211718e+00
9.600025406384467885e+00
9.534822063231468192e+00
9.629022607088089103e+00
9.453523963630200200e+00
9.316552404034137425e+00
9.116306253302097318e+00
9.048710403442383310e+00
8.802762290072440265e+00
8.707998374998568991e+00
8.695368596339225320e+00
8.634252795672416880e+00
8.598102582406998096e+00
8.584623753511905875e+00
8.889116822898387227e+00
8.868638058924675605e+00
8.969193798661232009e+00
9.144131264591216279e+00
9.252900708842277666e+00
9.324687283802031601e+00
9.248768080854416596e+00
9.141918905997275857e+00
9.242041747331619206e+00
9.213975333499908160e+00
9.163501149642467425e+00
9.208027443933486822e+00
9.347826087760925162e+00
9.291776229190826797e+00
9.152687476468086558e+00
9.156997792279719661e+00
9.255318271660804896e+00
9.320226530897617323e+00
8.876767758595942581e+00
8.462335849428177070e+00
8.251475034677982379e+00
8.940183106756210307e+00
9.112459770882129106e+00
9.241268034732341263e+00
9.374599282038211356e+00
9.301588735973835398e+00
9.336302376985550211e+00
9.441217599523067605e+00
9.604001750469207010e+00
9.494132472395897082e+00
9.511984447181225377e+00
9.488193818962573189e+00
9.690547147464751987e+00
9.647384139847755335e+00
9.672063033741713056e+00
9.798142817604542643e+00
9.814663054037094270e+00
9.754021607029438101e+00
9.828604437017441242e+00
1.002856783511638561e+01
1.002066929903030434e+01
9.750919037270545431e+00
9.659854454231261656e+00
9.603372549283504256e+00
9.575947726917267033e+00
9.097799457246065202e+00
9.046420054596662652e+00
8.789577484917641570e+00
8.778456579250097036e+00
8.728952524137497448e+00
8.791038482487202543e+00
8.728208139580488023e+00
8.706696780860424312e+00
8.694355727696418512e+00
8.675653742694855453e+00
8.623674294233321547e+00
8.613119581520557233e+00
8.563987664520739784e+00
8.592382069462537686e+00
8.471545365482569423e+00
8.413746457725762795e+00
8.785661136806011129e+00
8.987551018720864704e+00
9.034370745509862743e+00
9.198164693552255855e+00
9.286354112541674866e+00
9.388001809364556749e+00
9.439017862462996789e+00
9.544393217694759457e+00
9.497773223060368863e+00
9.376229361557960829e+00
9.384777559387684320e+00
9.287552882647513997e+00
9.362389834356308782e+00
9.380422814786435026e+00
9.434455956661700782e+00
9.557298810553550794e+00
9.532774789881706567e+00
9.380020630526543002e+00
9.465521751403809247e+00
9.232349723362922589e+00
9.346930006551742665e+00
9.251455041909217414e+00
9.332561601614951741e+00
9.155927772712708190e+00
9.209065993118286997e+00
9.270046147537231107e+00
9.280674968266486857e+00
9.225584493803978603e+00
9.286772942042350820e+00
9.506643145656585858e+00
9.377279763722420114e+00
9.325449450206756197e+00
9.389547034811974058e+00
9.297734709024428668e+00
9.277360446250439097e+00
9.386106243121624004e+00
9.408971713137626480e+00
9.327772575616837258e+00
9.303174013650417962e+00
9.193514818286896428e+00
9.192136413335800782e+00
9.257139411067962342e+00
9.376498073267937272e+00
9.339596326828003114e+00
9.191877222084999133e+00
9.142609354937077271e+00
9.076573245441913684e+00
9.282328489911556346e+00
9.273084529376030005e+00
9.299565986871719758e+00
9.220563051271438937e+00
9.312940566873550097e+00
9.311619009590149432e+00
9.405793249535561174e+00
9.575028710770606466e+00
9.565595839548111101e+00
9.687938680386542600e+00
9.757947673535346311e+00
9.744550662422179599e+00
9.716662410664557825e+00
9.682264540386199769e+00
9.679873297762870976e+00
9.728433395838736786e+00
9.737592484760284606e+00
9.850846687746047436e+00
9.573978744220733361e+00
9.442740229249000805e+00
9.292648560774326327e+00
9.337956536793708295e+00
8.997342266082764439e+00
9.029998631691933397e+00
8.837676906573772584e+00
8.567559414011240548e+00
8.672598550170659948e+00
8.895187529653311387e+00
9.014246077269316260e+00
8.967131616973876618e+00
8.957574334776401415e+00
8.892965610826015777e+00
8.956915454661846354e+00
8.896810630011557919e+00
8.920643634152412460e+00
8.957352777421474954e+00
8.968851825177669213e+00
8.976215155482291763e+00
9.157800123047827867e+00
9.338844789826870496e+00
9.463903918504714241e+00
9.541253508722782328e+00
9.599981947469711230e+00
9.592724547588824535e+00
9.557279498267174489e+00
9.517858041739463815e+00
9.470489880478382361e+00
9.502029183983802696e+00
9.489791013920306995e+00
9.494333890831470057e+00
9.519825158631801898e+00
9.381667351663113052e+00
9.362551539587974148e+00
9.192987318706512312e+00
9.079331312584876912e+00
9.128630543625355642e+00
9.097463802528380938e+00
9.101025614643097228e+00
9.165533940827845782e+00
9.297118594133854330e+00
9.279135163533688058e+00
9.266233024322986012e+00
9.151639091777800772e+00
9.204810700118541078e+00
9.209278854489326704e+00
9.099874500215053175e+00
9.016378598427772673e+00
9.099214901351928120e+00
9.084595827686786862e+00
9.452962680292129605e+00
9.530954781723021796e+00
9.685946721553802874e+00
9.878383362710476234e+00
9.887935891020298129e+00
9.808009442389010957e+00
9.659626984190941457e+00
9.605976530063152552e+00
9.254156940639019169e+00
9.069038791704178593e+00
8.995796236938238266e+00
8.796204368239640914e+00
8.704502140188216330e+00
8.506460258555412324e+00
8.290828937858343295e+00
8.457097198766469148e+00
8.484013124084473390e+00
8.568006608241796940e+00
8.685590242695807817e+00
8.752712531107663452e+00
8.869306009733676888e+00
8.921250682258605735e+00
8.736319128108025467e+00
8.657295228159426870e+00
8.750605487358569690e+00
8.897319504606723939e+00
8.845546675658226832e+00
8.853968261301517373e+00
8.892132500493525882e+00
8.775019562447070598e+00
8.622307860672474789e+00
8.671214915156364000e+00
8.889784062170981827e+00
9.031697443139552917e+00
9.110946401655674265e+00
8.980050765877962249e+00
8.584882198250292973e+00
8.500561339259148141e+00
8.560502059906720973e+00
8.693021162247656974e+00
8.875914533376693782e+00
8.819858697712421147e+00
8.922667394340038527e+00
8.925382200276851918e+00
8.927161358958482396e+00
8.761531616026163150e+00
8.769646550798416484e+00
8.801369230616092665e+00
8.641978766560553638e+00
8.526368283379078150e+00
8.581464909255505091e+00
8.556221909493208599e+00
8.828346977639197846e+00
8.989448591852188031e+00
8.964204929715394954e+00
8.866900564360618020e+00
9.029222015565633086e+00
9.000430757284163974e+00
9.088340211981535077e+00
9.177876473629474674e+00
9.156813735228777063e+00
9.212144486784934472e+00
9.231420765089989544e+00
9.295656580662727819e+00
9.379175274372100191e+00
9.437087058365344561e+00
9.487099821639061403e+00
9.420379974114894139e+00
9.336253652894496824e+00
9.379883430707455005e+00
9.262550919318199405e+00
9.245397146415710310e+00
9.157450257813930961e+00
9.191461228430270580e+00
8.971247104775905257e+00
9.060931472575664003e+00
8.995326045978069729e+00
8.864737080109119205e+00
8.908587730240821401e+00
8.843094250166416259e+00
8.936895440411568359e+00
9.187786090958118379e+00
9.352396476912497647e+00
9.325682933402061892e+00
9.344815538918972209e+00
9.298927264297008222e+00
9.397292352163791662e+00
9.556831641960144452e+00
9.500232682180405064e+00
9.362870887362957362e+00
9.368729233825206393e+00
9.226793170964718627e+00
8.959143373942374922e+00
9.117955415093899063e+00
9.139043030846119464e+00
9.121365184330940679e+00
9.407714718353748395e+00
9.474875128114224054e+00
9.458382372796535265e+00
9.636938221502303392e+00
9.673866508102417328e+00
9.691742846965789582e+00
9.621139970898628491e+00
9.691935920667647864e+00
9.661202160048484089e+00
9.558431886434554769e+00
9.708361582660675282e+00
9.666325600504874771e+00
9.745837309730053022e+00
9.580048322057724164e+00
9.410495578205585687e+00
9.290312624108791439e+00
9.111023918735980942e+00
9.168981982553004784e+00
9.201918573987484251e+00
9.207727310812472865e+00
9.174584878873824678e+00
9.266027745962142959e+00
9.296169134306907722e+00
9.325500172388553111e+00
9.397182054901122683e+00
9.336849809277056877e+00
9.259855417168139979e+00
9.148258196568489709e+00
9.040293712782860425e+00
8.976655180895328101e+00
8.891667788767815495e+00
8.817693331193924067e+00
8.790208262825011332e+00
8.808274530661106994e+00
8.960963820862769325e+00
8.899326483893394979e+00
8.856111487030982943e+00
8.784574747431278752e+00
8.873622383952140424e+00
8.645025201094149736e+00
8.669735135865211717e+00
8.651169000303745804e+00
8.590020361876486987e+00
8.485566744506359171e+00
8.493372236526012031e+00
8.474865376651287363e+00
8.498740963864326758e+00
8.640268520355224524e+00
8.511438835990428942e+00
8.427867356419563194e+00
8.503085560417174449e+00
8.464755618715285479e+00
8.713145978689194493e+00
9.056187661504745634e+00
9.201589480960368661e+00
9.266836397278309434e+00
9.215892803311348302e+00
9.085168854534625638e+00
9.046210511624813932e+00
8.982539462912082939e+00
8.988116891515254281e+00
9.109924790084361845e+00
8.992625439620017147e+00
8.710668637013435855e+00
8.723276089096069441e+00
8.563730731856823652e+00
8.531189631283282893e+00
8.527033628928661457e+00
8.610141374456881991e+00
8.726754024398326592e+00
8.707896098709106525e+00
8.749381575989723103e+00
8.719429404747486956e+00
8.717381976044178415e+00
8.734867223215102783e+00
8.730113967585563017e+00
8.795787249970436150e+00
8.818863067233563058e+00
8.929131029582023871e+00
8.762937826979159794e+00
8.584428580355643490e+00
8.667607217442990120e+00
8.782157846868038575e+00
8.744695973968505953e+00
8.739530726373196501e+00
8.680948916649818159e+00
8.687703174579143095e+00
8.658208207404612722e+00
8.688870418894291348e+00
8.463631246733665847e+00
8.443095245635509727e+00
8.484041115498543562e+00
8.211204067647457805e+00
8.274816594338416209e+00
8.253721767485142635e+00
8.273727222144604099e+00
8.454899762082099812e+00
8.481729662489891908e+00
8.633357353019714964e+00
8.655504016900062325e+00
8.816298649716376445e+00
8.782318758118153212e+00
8.735549294602870773e+00
8.750583543980122059e+00
8.815409729206562517e+00
8.701641955626010727e+00
8.856350654327869165e+00
8.666094063830374949e+00
8.718776010942459465e+00
8.697630480587482893e+00
8.548491010975837412e+00
8.718393226850032818e+00
8.819819817137718232e+00
8.768576467108726291e+00
8.782222758984564948e+00
8.871834884989262093e+00
8.896203968715667543e+00
8.955308689236641584e+00
8.879374232459067429e+00
8.845098188829421559e+00
8.709092125487327252e+00
8.760034637749194886e+00
8.854912555122375295e+00
8.774929382121563037e+00
8.814750340807437468e+00
8.669544936335086049e+00
8.632738983857631609e+00
8.692431441986560259e+00
8.817153653132915991e+00
8.808931247544288468e+00
8.845484909749030678e+00
8.787263209819792920e+00
8.780980026555061713e+00
8.812698923468589740e+00
8.902634918212891435e+00
8.839996298193931068e+00
8.772908811044693778e+00
8.762377144110203631e+00
8.774982938694954271e+00
8.763414222526551001e+00
8.711497962450980737e+00
8.670790957999228610e+00
8.741154034268856066e+00
8.752369805181025697e+00
8.795062372398376738e+00
8.883821043443679955e+00
8.858443963456153369e+00
8.828882586407662103e+00
8.853730354452133966e+00
9.010622151458264284e+00
9.200648600852488812e+00
9.115906462895869922e+00
9.230671495604514831e+00
9.250539723575114337e+00
9.180710531449317813e+00
8.932373506772517402e+00
9.030808038890361544e+00
9.069229047012328238e+00
9.026739370250702166e+00
8.998368756973743388e+00
8.978885201597213594e+00
8.934380973112583391e+00
9.010603559172153609e+00
9.042687287855148526e+00
9.109172069644927205e+00
9.203029375553130720e+00
9.266672090029716813e+00
9.399139904642105137e+00
9.517348696374893890e+00
9.604870677030087123e+00
9.624782654953003558e+00
9.589868332433701070e+00
9.567312389028073127e+00
9.497722979032992896e+00
9.491092834687233193e+00
9.514963170945645032e+00
9.533723403668403762e+00
9.528514288830757906e+00
9.524357766759395716e+00
9.405639996409416170e+00
9.432715767788886652e+00
9.503837413501740272e+00
9.305804920160770877e+00
9.247528534674644973e+00
9.308458401572703877e+00
9.410463303649425626e+00
9.253135296690464529e+00
9.261839793348311645e+00
9.507598313212394459e+00
9.550714904022216345e+00
9.538847688949108061e+00
9.500443956637383280e+00
9.456824910748004243e+00
9.560973373651505014e+00
9.532245623815059687e+00
9.526750712525844378e+00
9.550462721252442222e+00
9.568752297389506722e+00
9.618933051633835163e+00
9.582796331906319409e+00
9.551592293763160768e+00
9.496456695234774870e+00
9.323186249685287308e+00
8.925773814773560133e+00
8.747248377263545649e+00
8.725860703277588115e+00
8.682650198519230145e+00
8.590280617380141592e+00
8.771718773746490783e+00
8.710049711751937096e+00
8.591975872337817677e+00
8.528767298543453279e+00
8.515571493732929653e+00
8.377386428797244378e+00
8.429997216117381953e+00
8.465942301702499506e+00
8.421464671587944650e+00
8.526868528687954196e+00
8.613548367321492094e+00
8.681824844837189303e+00
8.783798109960555323e+00
8.750145246231555873e+00
8.742798233675957320e+00
8.724698349988461388e+00
8.804452554106712014e+00
8.774150347077846135e+00
8.753859839832783152e+00
8.684721730041504273e+00
8.617301684439182097e+00
8.576575393962860616e+00
8.581065827620030007e+00
8.557898184347152437e+00
8.367911997103691490e+00
8.343898345339297862e+00
8.457094415557383726e+00
8.693633148264884980e+00
8.905390179312229648e+00
9.137913360583782563e+00
9.240206683266162457e+00
9.348978052318095422e+00
9.413394135463237333e+00
9.499625578153134242e+00
9.436699516701699153e+00
9.343886438012123818e+00
9.350039119887352257e+00
9.265035077369212502e+00
9.177979884493350227e+00
9.159659105122090139e+00
9.132963548040390123e+00
9.062864189302921147e+00
9.097159088289737738e+00
9.048705105149746686e+00
8.933424786269664963e+00
8.902810782420635505e+00
8.737360775637625920e+00
8.876663458311558230e+00
8.746089725577832041e+00
8.752377270424366529e+00
8.861201350486277661e+00
8.926139078176021258e+00
9.268016061270236250e+00
9.582930321884155944e+00
9.750668313956261102e+00
9.831280488812923934e+00
9.703559729433059999e+00
9.715659614133834054e+00
9.707241511619091767e+00
9.701113561987876110e+00
9.772395599544047684e+00
9.742966759252547959e+00
9.795942384529114477e+00
9.714856527435779654e+00
9.598686626505852360e+00
9.457793808519840084e+00
9.404085486757756129e+00
9.344248737680912242e+00
9.427230743658542522e+00
9.359989364337920392e+00
9.349098640131950688e+00
9.368946247828006335e+00
9.404923713040352240e+00
9.485988768732548593e+00
9.464819076359271222e+00
9.504270777130127357e+00
9.471884836626053072e+00
9.384854119455814825e+00
9.269129919576645449e+00
9.232926759612560375e+00
9.253620889925956661e+00
9.229764183163643665e+00
9.273452964377403518e+00
9.203546032071113103e+00
