8.246236132665071827e-02
8.246236132665071827e-02
8.246236132665071827e-02
8.246236132665071827e-02
8.246236132665071827e-02
8.246236132665071827e-02
8.246236132665071827e-02
8.246236132665071827e-02
8.246236132665071827e-02
8.246236132665071827e-02
8.246236132665071827e-02
8.246236132665071827e-02
8.246236132665071827e-02
8.246236132665071827e-02
8.246236132665071827e-02
8.246236132665071827e-02
8.246236132665071827e-02
8.246236132665071827e-02
8.246236132665071827e-02
8.246236132665071827e-02
8.246236132665071827e-02
8.246236132665071827e-02
8.246236132665071827e-02
8.246236132665071827e-02
8.246236132665071827e-02
8.246236132665071827e-02
8.246236132665071827e-02
8.246236132665071827e-02
8.246236132665071827e-02
8.246236132665071827e-02
8.246236132665071827e-02
8.246236132665071827e-02
8.246236132665071827e-02
8.246236132665071827e-02
8.246236132665071827e-02
8.246236132665071827e-02
8.246236132665071827e-02
8.246236132665071827e-02
8.246236132665071827e-02
8.246236132665071827e-02
8.246236132665071827e-02
8.246236132665071827e-02
8.246236132665071827e-02
8.246236132665071827e-02
8.246236132665071827e-02
8.246236132665071827e-02
8.246236132665071827e-02
8.246236132665071827e-02
8.246236132665071827e-02
8.246236132665071827e-02
8.246236132665071827e-02
8.246236132665071827e-02
8.246236132665071827e-02
8.246236132665071827e-02
8.246236132665071827e-02
8.246236132665071827e-02
8.246236132665071827e-02
8.246236132665071827e-02
8.246236132665071827e-02
8.246236132665071827e-02
8.246236132665071827e-02
8.246236132665071827e-02
8.246236132665071827e-02
8.246236132665071827e-02
8.246236132665071827e-02
8.246236132665071827e-02
8.246236132665071827e-02
8.246236132665071827e-02
8.246236132665071827e-02
8.246236132665071827e-02
8.246236132665071827e-02
8.246236132665071827e-02
8.246236132665071827e-02
8.246236132665071827e-02
8.246236132665071827e-02
8.246236132665071827e-02
8.246236132665071827e-02
8.246236132665071827e-02
8.246236132665071827e-02
8.246236132665071827e-02
8.246236132665071827e-02
8.246236132665071827e-02
8.246236132665071827e-02
2.879535669628530692e-01
7.812945916786789846e-01
1.226258126825094275e+00
1.827017622083425552e+00
2.697732036375999343e+00
3.518481616377830523e+00
4.484337091875076453e+00
5.480882358574866942e+00
6.258381806111335877e+00
6.912784079790115221e+00
7.983165447664260839e+00
9.056435176801681308e+00
1.004246307578086927e+01
1.116600705838203389e+01
1.215462300901412895e+01
1.320080983281135545e+01
1.441658513641357509e+01
1.578694667882919234e+01
1.638556909279823159e+01
1.774199480438232257e+01
1.868594461655616712e+01
1.954867296452522396e+01
2.084385055255889796e+01
2.212751457338332983e+01
2.285547830181121753e+01
2.381125685167312511e+01
2.507391028213501016e+01
2.579431587333679232e+01
2.707006436195373666e+01
2.780227460670471018e+01
2.828272160930633561e+01
2.945221606884002696e+01
3.069284287223815966e+01
3.126575869522094564e+01
3.241126487264633482e+01
3.286211712331771650e+01
3.461156207056045275e+01
3.600261394691467132e+01
3.678313440408706469e+01
3.742444637250900286e+01
3.761789498748779437e+01
3.831238912172317157e+01
3.907720901546478132e+01
4.022198558201790064e+01
4.152802915210723711e+01
4.237140327901840209e+01
4.311203684177398543e+01
4.427709870262145841e+01
4.509025981702804842e+01
4.605393125581741032e+01
4.689613019886017042e+01
4.812103698244094829e+01
4.908095773401260686e+01
5.007359609918594145e+01
5.113802041492461825e+01
5.204794533834457582e+01
5.317398928108215017e+01
5.456528657932281590e+01
5.551239054069519341e+01
5.648091835794448912e+01
5.657561951274871603e+01
5.828825393543243649e+01
5.944356084146499342e+01
5.978551939897537437e+01
6.133091983995437602e+01
6.286648707475661979e+01
6.210034811131954058e+01
6.310271956064701016e+01
6.501005720249413855e+01
6.659476619254350283e+01
6.699804506397246939e+01
6.844649178459644645e+01
6.938150138995646898e+01
7.137549561142921561e+01
7.238536409401893934e+01
7.265196801886558831e+01
7.422700953172444827e+01
7.552446648917198502e+01
7.749199812068938797e+01
7.868186050462722392e+01
7.999337818131446909e+01
7.958615644187926819e+01
7.975859310646056599e+01
8.072164514636993715e+01
8.183118091812133343e+01
8.349665644416809585e+01
8.396500280570984387e+01
8.427172760877608937e+01
8.533215664622782981e+01
8.763498291907311000e+01
8.820522227706909746e+01
9.002174554657936767e+01
9.136407613601684830e+01
9.197190171337128106e+01
9.324895565595626579e+01
9.427914292583466249e+01
9.593908366832732781e+01
9.610231161985397819e+01
9.760309032087326386e+01
9.807781898880004690e+01
9.864331030626297547e+01
9.961933920021057531e+01
1.004506775686264035e+02
1.012389647069931016e+02
1.020271841819763239e+02
1.028718753622055004e+02
1.038405729108810363e+02
1.047700585821151691e+02
1.054559559505462687e+02
1.062557672994613682e+02
1.069945014787673898e+02
1.079592441066741912e+02
1.087160258579254162e+02
1.098210900630950988e+02
1.084064626937866223e+02
1.082324036106109588e+02
1.098070639177322363e+02
1.100521637042999288e+02
1.103527488992691019e+02
1.121615873310089171e+02
1.128463948017120373e+02
1.150250309226989742e+02
1.164137216815948506e+02
1.175247131958007856e+02
1.200691950023651060e+02
1.199975730396270706e+02
1.203650065116882359e+02
1.209488287834167437e+02
1.203759188323974598e+02
1.204241212165832451e+02
1.221857088592529266e+02
1.220091047632217425e+02
1.209374000375747613e+02
1.220124651060104384e+02
1.231331456451415960e+02
1.239423984508514422e+02
1.249970881504058866e+02
1.273305487236022913e+02
1.292597266225814678e+02
1.318217376665115239e+02
1.335505326988220247e+02
1.355047498008728155e+02
1.368528962316513002e+02
1.376493947599410888e+02
1.388743130123138485e+02
1.399689384914398147e+02
1.410124701168060426e+02
1.422411713304519765e+02
1.434627843688964788e+02
1.447068321439743102e+02
1.470631559320449924e+02
1.482071407186508054e+02
1.494693652050018216e+02
1.506199720230102628e+02
1.505782542600631757e+02
1.516078535171508861e+02
1.503479523683548109e+02
1.489742895932197655e+02
1.497558323379516594e+02
1.500016107696533254e+02
1.491834792276382586e+02
1.501973880212783854e+02
1.500044356648445216e+02
1.540288719802379660e+02
1.545386167538404436e+02
1.567818686899185252e+02
1.584324408528447066e+02
1.624972682662963734e+02
1.677011878555297812e+02
1.704591631324768173e+02
1.695973616874694869e+02
1.680354814464569131e+02
1.716416760139465225e+02
1.731224483921050989e+02
1.715126545734405568e+02
1.709156515644073409e+02
1.717950890485763580e+02
1.757865788396835285e+02
1.778382360618591349e+02
1.773419968441009473e+02
1.790179622972488289e+02
1.813271091592788764e+02
1.827002541948318424e+02
1.839017291763305764e+02
1.853853731359481856e+02
1.873498321699142366e+02
1.896979848476409813e+02
1.926905623031616130e+02
1.946732862045288073e+02
1.943383768413543748e+02
1.935077611286163233e+02
1.934540645313262814e+02
1.925578142660141054e+02
1.934946315011978015e+02
1.922330630004882721e+02
1.942629008939742903e+02
1.917155204720497181e+02
1.916643054596900981e+02
1.928127879472732502e+02
1.928347866056442399e+02
1.931919096227645980e+02
1.951814302547454929e+02
1.970636392425537053e+02
1.971670165927886842e+02
1.984036958294868498e+02
1.970783165546417308e+02
1.967424275514602527e+02
1.958907356969833415e+02
1.932494016992569072e+02
1.942697528879165532e+02
1.963229005695343119e+02
1.986118624099731562e+02
1.999487858764648536e+02
2.010251407064437785e+02
2.008092237405776928e+02
2.023793775743484389e+02
2.023128853981017983e+02
2.068539793148040644e+02
2.089791911434173528e+02
2.065976879972457994e+02
2.063633052355766324e+02
2.109202794538497869e+02
2.143922607845306345e+02
2.164646823514938490e+02
2.198356763849258471e+02
2.162207709128379918e+02
2.186927412881851183e+02
2.195409302183151112e+02
2.204009705632209659e+02
2.199169844293594451e+02
2.223377323276519917e+02
2.244768673319816514e+02
2.238562786778450118e+02
2.172550679746627793e+02
2.169589616363525408e+02
2.167201740404128998e+02
2.152813118539691004e+02
2.097696988600492602e+02
2.113058150800943338e+02
2.129703182989954939e+02
2.118492904925942355e+02
2.128275494961261813e+02
2.111377598247528056e+02
2.126058589669585217e+02
2.135244319710254786e+02
2.150596110829591794e+02
2.151687488845825271e+02
2.195735138029098437e+02
2.223956153290748716e+02
2.235930315081596405e+02
2.260442244592666725e+02
2.296653063431024577e+02
2.303144728799104826e+02
2.291906652133464775e+02
2.310112908038139210e+02
2.282386088013172127e+02
2.332184259889125713e+02
2.364168004692077716e+02
2.407855794337988016e+02
2.390957533320665220e+02
2.425252482172012378e+02
2.408640051385879417e+02
2.394207170368194681e+02
2.373787442265033860e+02
2.432025082781791809e+02
2.448721891813754894e+02
2.474746533866882316e+02
2.477587428711891278e+02
2.508843669961929379e+02
2.475538506837844750e+02
2.481116989160537685e+02
2.465567971563339142e+02
2.463259974864006097e+02
2.427170790312767110e+02
2.397900751192688915e+02
2.347188551445245821e+02
2.285144242324709865e+02
2.280664089004874313e+02
2.273552270791888361e+02
2.240788734928727024e+02
2.234062726845264422e+02
2.250021415728211309e+02
2.226662123261809256e+02
2.225084435111641881e+02
2.230532936632990868e+02
2.274842328055501071e+02
2.315723877518534550e+02
2.331142741913676275e+02
2.363871222247123853e+02
2.411826119743347192e+02
2.436557552965164177e+02
2.502202773621559118e+02
2.534050263078689511e+02
2.478279739491820237e+02
2.518940422450303913e+02
2.513113497578501665e+02
2.550056828319907254e+02
2.545811901880145172e+02
2.562181619753837367e+02
2.495216111511588224e+02
2.455294585971355446e+02
2.436193849120139987e+02
2.388088775085687701e+02
2.349933800045013470e+02
2.337495649584293460e+02
2.327708273159027215e+02
2.326256445481061803e+02
2.319047689462184962e+02
2.332612259347200450e+02
2.362241544054984956e+02
2.369063792757034435e+02
2.419217049164533648e+02
2.466424210592985276e+02
2.479749534500360539e+02
2.478691610678195900e+02
2.492620390581607808e+02
2.478919439080238476e+02
2.445949786767482692e+02
2.430899198930859484e+02
2.440922402732849150e+02
2.456804627891540633e+02
2.539830857548713823e+02
2.596785739629745535e+02
2.711569550489902554e+02
2.685463138257264859e+02
2.695594061767578182e+02
2.702972050909042423e+02
2.634740151354312729e+02
2.635593517802000179e+02
2.624880099761485894e+02
2.645509287272453207e+02
2.598868652341485017e+02
2.597462303929686414e+02
2.579883078854799123e+02
2.557354290144920412e+02
2.520937417299270749e+02
2.525714212641358358e+02
2.537773447518229375e+02
2.525709287534117777e+02
2.542600799182415017e+02
2.551786905600070838e+02
2.538957170121550462e+02
2.552625494309067733e+02
2.565083157538890646e+02
2.583178583775043649e+02
2.634278372315883416e+02
2.664814390144824756e+02
2.696461292849302254e+02
2.726365042985916034e+02
2.758599248298406792e+02
2.779348001447439174e+02
2.801299354635715417e+02
2.786968176269769515e+02
2.806592331991672609e+02
2.779133735332965784e+02
2.768469720131397480e+02
2.801554838415145809e+02
2.819581645057439800e+02
2.827955032836437113e+02
2.844120120050668561e+02
2.825956969426870273e+02
2.839018407295226893e+02
2.849871592024088045e+02
2.857528570958853038e+02
2.872476442539692130e+02
2.867454896143436258e+02
2.868098133523463957e+02
2.868343065987110094e+02
2.865905531147956822e+02
2.897216754403114578e+02
2.885591681613683477e+02
2.887651591120720127e+02
2.868538443331718213e+02
2.897697405914783531e+02
2.952344264987706879e+02
3.007619476467132813e+02
3.060096295019149579e+02
3.022671596806526395e+02
3.045440805660962837e+02
2.999088938241005167e+02
3.048418186263322696e+02
3.093215574826240299e+02
2.985840546185493736e+02
3.065330203773260109e+02
3.049771818217039367e+02
3.058726028547764031e+02
3.109228364204168429e+02
3.221311420222759239e+02
3.288276858367204909e+02
3.352870641855240024e+02
3.422711616798639511e+02
3.418887000053882730e+02
3.376950152411461090e+02
3.373999574493885234e+02
3.412363848873853840e+02
3.503394512269496772e+02
3.590171571618795383e+02
3.627789304512023705e+02
3.640513213419914109e+02
3.677230974789619609e+02
3.707945958377837883e+02
3.733448475511789297e+02
3.754920695228576619e+02
3.752705128060102311e+02
3.760657938181877284e+02
3.774820646230220973e+02
3.715759780413150679e+02
3.677463959318160960e+02
3.731313675256490683e+02
3.725683933402538059e+02
3.768717393592357894e+02
3.791092227152347505e+02
3.868153887677669331e+02
3.932397564910650090e+02
3.939827488927364243e+02
3.953775272157669178e+02
3.994128373818397790e+02
4.039180655874967556e+02
4.037351601248741417e+02
4.079893348635911821e+02
4.121075609066486436e+02
4.151157490669250478e+02
4.161007720536470629e+02
4.188955371782779480e+02
4.217011722309589459e+02
4.250410687729835786e+02
4.285363484710454713e+02
4.323570563102245501e+02
4.343401898874282665e+02
4.354865406864166175e+02
4.366858292437553359e+02
4.371219423325538855e+02
4.366843780708790064e+02
4.377411671898603345e+02
4.380890059758424968e+02
4.395176865607976993e+02
4.381286030695915201e+02
4.369106034845113982e+02
4.362242325757741810e+02
4.364529603283166921e+02
4.370333536443471871e+02
4.325677901720047203e+02
4.287642254086017601e+02
4.202764587045431313e+02
4.197012933687209966e+02
4.179916540132761043e+02
4.243344900006771354e+02
4.246410099110126453e+02
4.261717358680248253e+02
4.251588622889518660e+02
4.233041140009880223e+02
4.215596543781518903e+02
4.194886371078491152e+02
4.238212207973003274e+02
4.185339501204967405e+02
4.121436400260686810e+02
4.109001301721095842e+02
4.180397674297094568e+02
4.256519917468547760e+02
4.356680484190940774e+02
4.378335500636100619e+02
4.375092010487794596e+02
4.340048930201292023e+02
4.316202184973240037e+02
4.284217758443832622e+02
4.229676307542800942e+02
4.259384946135759265e+02
4.287648888403415413e+02
4.242739413769960493e+02
4.287799162607669814e+02
4.273699516647815813e+02
4.299895443146705816e+02
4.283338776879310785e+02
4.286153881086588058e+02
4.309896250225305607e+02
4.367955488838196061e+02
4.399024682551383876e+02
4.448382536141872379e+02
4.493780794490575659e+02
4.526689589265585028e+02
4.580487121711731220e+02
4.619075579936742884e+02
4.613024142114639403e+02
4.630542011087894707e+02
4.687594358172178204e+02
4.658609102208852732e+02
4.565766303797722117e+02
4.568983614985227746e+02
4.531689427253007807e+02
4.527534041392802919e+02
4.504078843010187256e+02
4.474741823598861856e+02
4.513915451848507132e+02
4.539134669367790025e+02
4.530732700697660675e+02
4.515471517969608044e+02
4.521037480963468624e+02
4.541803315526246934e+02
4.552003093119621440e+02
4.550755544361233547e+02
4.578089345584392618e+02
4.641023000788688933e+02
4.602264369896173548e+02
4.569014301359653700e+02
4.525612103768348788e+02
4.524547016869544791e+02
4.443797650062322759e+02
4.373588909074068170e+02
4.379724540488243179e+02
4.418502750865936264e+02
4.428524533288002090e+02
4.497246039239644801e+02
4.537615524459362177e+02
4.576735422970771765e+02
4.626509722586631597e+02
4.668195839311599684e+02
4.705434390386581640e+02
4.743387062068939031e+02
4.763490561460495201e+02
4.816275940137863358e+02
4.840540259342193394e+02
4.855856165884018196e+02
4.870465465785979973e+02
4.895601833398819167e+02
4.929540194929122663e+02
4.943878555519103770e+02
4.962809416963577291e+02
4.983447813337326124e+02
4.980711899581909279e+02
4.991672998641967638e+02
4.982582515251159521e+02
4.990065542720794838e+02
5.011003496166229070e+02
4.913506353212356430e+02
4.949845656541824610e+02
4.922300166889190791e+02
4.824881556343078728e+02
4.785431699478149312e+02
4.746371513268470608e+02
4.736011188055038588e+02
4.776842257223606225e+02
4.761278693607807213e+02
4.769823703963995172e+02
4.783468773183822691e+02
4.796018118451118539e+02
4.819288849803685935e+02
4.838022917791366808e+02
4.887670775579691167e+02
4.857153151830196407e+02
4.786410991941928614e+02
4.945161578971863037e+02
4.936911555277347361e+02
4.935569495382785590e+02
5.014296004917144955e+02
5.068185440221548106e+02
5.106105266787528763e+02
5.116058238371849143e+02
5.120788902017593500e+02
5.162405959558010409e+02
5.184097980220794852e+02
5.232976915332556018e+02
5.223880788191795546e+02
5.283203869562626096e+02
5.333787302026033785e+02
5.396807153584718435e+02
5.382184441538810233e+02
5.382646219749212833e+02
5.355534726878643141e+02
5.273467086647033284e+02
5.300344281027555553e+02
5.254828212822437763e+02
5.132153797930241126e+02
5.003747371039867176e+02
4.866107631372451578e+02
4.846000513744115779e+02
4.945516836795330278e+02
5.031380590937137640e+02
5.059200435313940147e+02
5.054438218770980598e+02
4.911396604479789971e+02
4.950663900679826952e+02
4.849750399409770694e+02
4.783895747247219106e+02
4.754946899534225508e+02
4.770170625004768112e+02
4.799558911814212934e+02
4.874889333123206825e+02
4.946171473517894697e+02
5.001840420661926032e+02
5.055446595452308429e+02
5.106514462981700717e+02
5.178586636388540683e+02
5.244303837472915575e+02
5.296673503601074344e+02
5.379029207988023700e+02
5.424721540226458956e+02
5.505157967911958394e+02
5.573685605398654843e+02
5.627158509513855051e+02
5.706013631144761575e+02
5.796077353324890282e+02
5.867494382528543611e+02
5.901694444676398916e+02
5.951078774425029678e+02
5.975951380421638532e+02
6.029452012706756250e+02
6.069639861078262584e+02
6.027705200865746065e+02
6.043199789320468653e+02
6.057568922752379876e+02
6.009514385471105697e+02
5.985687124532699954e+02
5.996384755014419170e+02
5.996723516600608264e+02
6.040648559791565049e+02
6.109423347391128800e+02
6.193522386161804434e+02
6.272547146114349061e+02
6.308253488063812711e+02
6.346171227104186983e+02
6.357642630783080904e+02
6.379320575477599959e+02
6.406703371898651085e+02
6.485383738910675220e+02
6.529526279354095095e+02
6.554717973335266379e+02
6.567952059268951643e+02
6.624295723907471256e+02
6.701189642459869447e+02
6.770564259651183647e+02
6.790221612350463829e+02
6.787132121513366201e+02
6.768133078422546305e+02
6.677258921821594413e+02
6.638958812484740974e+02
6.666649510736465345e+02
6.497169798125744364e+02
6.453855430524826033e+02
6.403604652245998068e+02
6.278279568362712553e+02
6.270246722080707968e+02
6.320318083208084090e+02
6.320815719242095838e+02
6.323094004571437381e+02
6.318160159423828190e+02
6.319529839582919521e+02
6.355018234914779214e+02
6.389795507305622095e+02
6.411548775191783989e+02
6.426823178886413643e+02
6.447595350914240271e+02
6.465322487927436441e+02
6.584867855325699111e+02
6.562813506439686080e+02
6.674092523927212142e+02
6.711987970592022066e+02
6.862067041352748902e+02
6.886289584424018813e+02
6.978370399043559473e+02
7.162904463548660488e+02
7.143432164889335354e+02
7.109386159667968741e+02
7.017076976833343451e+02
7.020659692380904744e+02
6.987240409105301069e+02
6.985553009410857612e+02
6.953105449172973067e+02
6.991873008108138947e+02
6.987638088083267576e+02
6.910733217348098378e+02
6.953029706774711940e+02
7.052414164310455362e+02
7.021353965575218581e+02
6.999811332681655358e+02
6.994100098269462933e+02
6.995980053100586247e+02
7.080678604610443472e+02
7.162412166244506579e+02
7.166370321544646913e+02
7.286026933170318216e+02
7.416261198116302467e+02
7.354374790576935084e+02
7.545940597858428873e+02
7.579950094741820976e+02
7.633487221687316833e+02
7.803181472759247299e+02
7.914693483001708501e+02
7.992620288475036432e+02
8.062897147087097665e+02
8.177625777130126608e+02
8.297342074211120462e+02
8.347961928405761682e+02
8.423781533035278244e+02
8.474956099479675231e+02
8.555581755508422930e+02
8.613622078506469961e+02
8.658235982360839671e+02
8.749484909591674295e+02
8.800232385299682392e+02
8.856203988380432293e+02
8.927060629188537177e+02
9.024238184829712281e+02
9.138789153518677040e+02
9.249562470039368236e+02
9.363903017318725688e+02
9.450239549362182743e+02
9.511575511947631867e+02
9.550749146820068063e+02
9.608497488204956198e+02
9.638313212692261231e+02
9.699516026901245596e+02
9.763471925720215268e+02
9.839489872741698946e+02
9.903718766845703385e+02
1.001331994717407269e+03
1.010636040362548783e+03
1.003793648823547414e+03
9.888156510894775693e+02
9.748091599594116587e+02
9.599877844567776037e+02
9.830773293899297869e+02
9.942443903651952724e+02
1.015398540744590719e+03
1.036390506351900058e+03
1.039588936294722544e+03
1.047477201804053720e+03
1.060874781563091346e+03
1.068730160371375177e+03
1.090895933035993494e+03
1.104595975014185797e+03
1.128023359945583252e+03
1.142001632464790418e+03
1.154317812626647992e+03
1.167532570312499956e+03
1.184013335668945274e+03
1.198557102046203681e+03
1.207620430766296295e+03
1.221266755996704205e+03
1.234875997402953999e+03
1.251089355284118710e+03
1.266191237142944374e+03
1.272434441674804702e+03
1.286517143191528248e+03
1.292933693598937907e+03
1.299522255268859908e+03
1.307427412860107324e+03
1.312221312600707961e+03
1.320049810751342875e+03
1.331111896014404238e+03
1.334523920684051518e+03
1.335467887020110993e+03
1.338800360532379045e+03
1.341964043516540414e+03
1.345656016620635910e+03
1.348990353281402577e+03
1.350165586532592670e+03
1.351465980912780651e+03
1.347833403269195514e+03
1.346788082326889025e+03
1.344513284715271084e+03
1.345216244688415600e+03
1.346167590625000003e+03
1.348396271667480505e+03
1.347273788504409822e+03
1.345606814353179971e+03
1.342025197610092164e+03
1.334194939448738069e+03
1.333496650167465305e+03
1.327077529505348139e+03
1.321141488255310151e+03
1.316628708673667916e+03
1.310847466159152873e+03
1.305841100447082454e+03
1.300846850995540535e+03
1.300593432649993929e+03
1.299450973706912919e+03
1.297028752356052337e+03
1.251734433101916238e+03
1.271501650186681672e+03
1.285813741217851657e+03
1.302620940357017616e+03
1.267330745220089057e+03
1.265649284511423048e+03
1.257234786179828689e+03
1.228427717903924076e+03
1.243355953307580876e+03
1.222404085405540400e+03
1.223833169860196222e+03
1.224626849995470138e+03
1.233490320268201913e+03
1.234891744977903272e+03
1.262724135355090993e+03
1.280494731877398408e+03
1.305834955174255356e+03
1.338886917027664140e+03
1.365706860433959946e+03
1.388283340052795438e+03
1.400082990470886216e+03
1.405490652009582618e+03
1.410572207966613860e+03
1.415644362825012195e+03
1.420883672074890228e+03
1.422676642579650888e+03
1.424793564141082697e+03
1.429964720688629086e+03
1.425333182698059090e+03
1.422414211837005723e+03
1.421096293356704791e+03
1.418700950052642838e+03
1.407825971775245762e+03
1.408278913737678522e+03
1.406769982742881666e+03
1.410278048382949919e+03
1.406188119325828666e+03
1.401165253965187048e+03
1.392954840567874953e+03
1.391824358853721606e+03
1.385347737864208284e+03
1.386458439170837437e+03
1.385564489787101820e+03
1.382006835181236283e+03
1.386352993109512227e+03
1.379387588285589118e+03
1.381147081958007902e+03
1.381349850518035964e+03
1.388462386946296647e+03
1.388768439214706405e+03
1.383887257865142828e+03
1.380878372220611482e+03
1.378178764271545333e+03
1.378726389559173640e+03
1.368434199118423521e+03
1.372875241585159301e+03
1.377098775954818620e+03
1.381087955723953201e+03
1.378315319204711841e+03
1.377471420468139740e+03
1.373819074665832431e+03
1.368975381100463892e+03
1.366098030439758304e+03
1.363538661441803015e+03
1.360798458366394016e+03
1.359669723205566470e+03
1.355151982984924416e+03
1.354043060861205959e+03
1.350823830540466361e+03
1.347388235543823157e+03
1.344327813420105031e+03
1.338769866555786166e+03
1.336831264035034110e+03
1.337868133726501355e+03
1.336965104782104390e+03
1.338082510128784179e+03
1.340198890924072202e+03
1.345678687301635819e+03
1.309284868151855562e+03
1.317175307785034192e+03
1.331636210414123525e+03
1.333077049543762314e+03
1.339042113272094639e+03
1.337570547915649513e+03
1.332985366284179690e+03
1.332182200944519082e+03
1.331313701022338819e+03
1.333997341104126008e+03
1.331672400784301772e+03
1.312572829893493690e+03
1.326583101078796290e+03
1.328043907643127341e+03
1.323781604768371608e+03
1.329932328395080503e+03
1.335104595243835547e+03
1.343800168679809531e+03
1.347489145361328156e+03
1.349919101321411063e+03
1.356203611836242771e+03
1.356949724664306586e+03
1.351364950357055704e+03
1.353550087194824300e+03
1.360796732554626487e+03
1.358040356234741239e+03
1.358705478642272965e+03
1.352947961865234447e+03
1.361931307540893613e+03
1.377150757662963770e+03
1.384680490623474043e+03
1.387460327204895066e+03
1.403410315567016596e+03
1.407374319152831958e+03
1.413777650878906343e+03
1.408855902384948649e+03
1.405526831643676815e+03
1.410148809710693286e+03
1.411848193252563533e+03
1.405419079162597654e+03
1.413526636389160103e+03
1.412650449403381344e+03
1.416228581002807687e+03
1.405588544808960023e+03
1.406729662921142562e+03
1.403463555224609308e+03
1.396127674685669035e+03
1.389459947616577210e+03
1.381373335806274326e+03
1.379933321505737240e+03
1.369949704598999006e+03
1.372375791969299371e+03
1.365074030537414501e+03
1.358378318367004340e+03
1.330865422026062106e+03
1.318349849478149508e+03
1.299863084953308089e+03
1.276841609361410065e+03
1.272031109524726844e+03
1.310200020235443162e+03
1.327337923556137184e+03
1.333042606486511204e+03
