2.045034978603944148e-02
2.045034978603944148e-02
2.045034978603944148e-02
2.045034978603944148e-02
2.045034978603944148e-02
2.045034978603944148e-02
2.045034978603944148e-02
2.045034978603944148e-02
2.045034978603944148e-02
2.045034978603944148e-02
2.045034978603944148e-02
2.045034978603944148e-02
2.045034978603944148e-02
2.045034978603944148e-02
2.045034978603944148e-02
2.045034978603944148e-02
2.045034978603944148e-02
2.045034978603944148e-02
2.045034978603944148e-02
2.045034978603944148e-02
2.045034978603944148e-02
2.045034978603944148e-02
2.045034978603944148e-02
2.045034978603944148e-02
2.045034978603944148e-02
2.045034978603944148e-02
2.045034978603944148e-02
2.045034978603944148e-02
2.045034978603944148e-02
2.045034978603944148e-02
2.045034978603944148e-02
2.045034978603944148e-02
2.045034978603944148e-02
2.045034978603944148e-02
2.045034978603944148e-02
2.045034978603944148e-02
2.045034978603944148e-02
2.045034978603944148e-02
2.045034978603944148e-02
2.045034978603944148e-02
2.045034978603944148e-02
2.045034978603944148e-02
2.045034978603944148e-02
2.045034978603944148e-02
2.045034978603944148e-02
2.045034978603944148e-02
2.045034978603944148e-02
2.045034978603944148e-02
2.045034978603944148e-02
2.045034978603944148e-02
2.045034978603944148e-02
2.045034978603944148e-02
2.045034978603944148e-02
2.045034978603944148e-02
2.045034978603944148e-02
2.045034978603944148e-02
2.045034978603944148e-02
2.045034978603944148e-02
2.045034978603944148e-02
2.045034978603944148e-02
2.045034978603944148e-02
2.045034978603944148e-02
2.045034978603944148e-02
2.045034978603944148e-02
2.045034978603944148e-02
2.045034978603944148e-02
2.045034978603944148e-02
2.045034978603944148e-02
2.045034978603944148e-02
2.045034978603944148e-02
2.045034978603944148e-02
2.045034978603944148e-02
2.045034978603944148e-02
2.045034978603944148e-02
2.045034978603944148e-02
2.045034978603944148e-02
2.045034978603944148e-02
2.045034978603944148e-02
2.045034978603944148e-02
2.045034978603944148e-02
2.045034978603944148e-02
2.045034978603944148e-02
2.045034978603944148e-02
2.045034978603944148e-02
2.045034978603944148e-02
2.045034978603944148e-02
2.045034978603944148e-02
2.045034978603944148e-02
2.045034978603944148e-02
2.045034978603944148e-02
2.045034978603944148e-02
2.045034978603944148e-02
2.045034978603944148e-02
2.045034978603944148e-02
2.045034978603944148e-02
2.045034978603944148e-02
2.045034978603944148e-02
2.045034978603944148e-02
2.045034978603944148e-02
2.045034978603944148e-02
2.045034978603944148e-02
2.045034978603944148e-02
2.045034978603944148e-02
4.447431771072442308e-02
1.213163338841870414e-01
1.953213783931918579e-01
2.605815884453244746e-01
3.226583434576168474e-01
3.778086957186460593e-01
4.318870524093508800e-01
4.855075781747698604e-01
5.344022161077708333e-01
5.786317623596638482e-01
6.246584041122347219e-01
6.649443509906530769e-01
7.053194496564566540e-01
7.497846668802201631e-01
7.815569535613059449e-01
8.183564738452434595e-01
8.731395136505365473e-01
9.302342751771212059e-01
9.905292080402374744e-01
1.053511308971047500e+00
1.124158651953935717e+00
1.191813010519742866e+00
1.241442616856098136e+00
1.275687389796972271e+00
1.318998758405447003e+00
1.372119103604555024e+00
1.386659235578775462e+00
1.410206244301795975e+00
1.430943218237161529e+00
1.455952699762582681e+00
1.450690562266111483e+00
1.440554193001985617e+00
1.465056650066375754e+00
1.491867653322219933e+00
1.495747541391849511e+00
1.482426481854915545e+00
1.478752515310049143e+00
1.520304586029052718e+00
1.506654413354396871e+00
1.496883248889446349e+00
1.499473869407176974e+00
1.523970958781242446e+00
1.513062101870775278e+00
1.501472143471241028e+00
1.531419748014211546e+00
1.539707790571451129e+00
1.533845608150959050e+00
1.523127323865890448e+00
1.542046429830789656e+00
1.807260946357250209e+00
2.128062982022762117e+00
2.275100191688537610e+00
2.468228533887863119e+00
2.618671700394153756e+00
2.749118199205398572e+00
2.835674249339103614e+00
2.835705477666854879e+00
2.896950714015960493e+00
2.875614762759208798e+00
2.826027812373637982e+00
2.848087968170642803e+00
2.898835615062713700e+00
2.896200973105430787e+00
2.891907711744308607e+00
2.922664479506015933e+00
2.940018237805366308e+00
2.904647278571129032e+00
2.923929336059093664e+00
2.941133918762206978e+00
2.941492894864082164e+00
2.946325333178043238e+00
2.956438589215278689e+00
2.974232125616073752e+00
2.981981969165802049e+00
2.964450011241436034e+00
3.002390793013572701e+00
2.997313407218456405e+00
3.000725255763530885e+00
3.036052634930610505e+00
3.026484118139743718e+00
3.028591491711139838e+00
3.021871210455894463e+00
3.032816417598724446e+00
2.959490529966354533e+00
2.873722690165042781e+00
2.752725575900077715e+00
2.718310294365883006e+00
2.687565222454070923e+00
2.730318249368667516e+00
2.661593485438823681e+00
2.564131493937969353e+00
2.614749998080730276e+00
2.643515726530552001e+00
2.631941830599307863e+00
2.640626542532443999e+00
2.679618803024292006e+00
2.706886715579032821e+00
2.655357892012596199e+00
2.622470104134082991e+00
3.069921672964095904e+00
3.444134062933921658e+00
3.660382315862178881e+00
3.817108258736133575e+00
3.792430783987045473e+00
3.750421376073360236e+00
3.747586280119419300e+00
3.683054527294635783e+00
3.733691473269462602e+00
3.722207008171081632e+00
3.743621602654457092e+00
3.746501411318778896e+00
3.734093092024326488e+00
3.762878438079356958e+00
3.765026840972900413e+00
3.773989228439331267e+00
3.722176939165592113e+00
3.769483910191059106e+00
3.786429796934127623e+00
3.771500137746333969e+00
3.797250142931938299e+00
3.772390541374683437e+00
3.776577454686164792e+00
3.780982073450088521e+00
3.756150116682052786e+00
3.738651982533931939e+00
3.780190239548683273e+00
3.682896948015689897e+00
3.620570814418792693e+00
3.595194802999496453e+00
3.612830303657054820e+00
3.650253099191188788e+00
3.653018991649150671e+00
3.665175729775428604e+00
3.701123765361308937e+00
3.695160852050781042e+00
3.711528041613101792e+00
3.720171992576122300e+00
3.729821507453918272e+00
3.690040325784683439e+00
3.610679695928096677e+00
3.593000423562526802e+00
3.635735514664649948e+00
3.651272199749946434e+00
3.646101870369911069e+00
3.659732388710975837e+00
3.667074434697628060e+00
3.682436946332454664e+00
3.707155484843254190e+00
3.714497085797786813e+00
4.197782359123229945e+00
4.624207835459709592e+00
4.830790720117092540e+00
4.882128561174869930e+00
4.759040620994567483e+00
4.717311193299293492e+00
4.704802390348911345e+00
4.710843371224403775e+00
4.725726097810268200e+00
4.737579586958885258e+00
4.729178563559055526e+00
4.759015134882926823e+00
4.752894172108173443e+00
4.767878968751430691e+00
4.762524688029289521e+00
4.695764651751518137e+00
4.609875253999232925e+00
4.607854744565487159e+00
4.600391149473190389e+00
4.502202814435959155e+00
4.494506575369834778e+00
4.403500269281864554e+00
4.376887996387481827e+00
4.364333545410633342e+00
4.335534432566165997e+00
4.342452860319614416e+00
4.353724774813652054e+00
4.401403507673740556e+00
4.408139861738681553e+00
4.434798023092747066e+00
4.426072637939452825e+00
4.461776352989673455e+00
4.574215226960181901e+00
4.589286082327365790e+00
4.572656339550018600e+00
4.573798797762393953e+00
4.604960061812400696e+00
4.634370544803142700e+00
4.634500012695789373e+00
4.647230989217757902e+00
4.670269584918021799e+00
4.690231805658340747e+00
4.675626670074462865e+00
4.707305142593384062e+00
4.684782277119159843e+00
4.716267434704303874e+00
4.692864311158657209e+00
4.726143062233925107e+00
4.700269301903247765e+00
4.648488758111000152e+00
5.133256658184528476e+00
5.452096913886069984e+00
5.683799136096238769e+00
5.634398360371589476e+00
5.579097753632068724e+00
5.460809474217891868e+00
5.403788870406151190e+00
5.416946148812771256e+00
5.420581516742706718e+00
5.433209209060668954e+00
5.422260310661792815e+00
5.435025446915626723e+00
5.470790396165847724e+00
5.293825854480266990e+00
5.223736142253875947e+00
5.254834299039840673e+00
5.282046832668781278e+00
5.364788773596286475e+00
5.376954193830489892e+00
5.496344758057594149e+00
5.553910657536983209e+00
5.572284944355487823e+00
5.623457480490207772e+00
5.551724122512340820e+00
5.515522601020336424e+00
5.537271451532840949e+00
5.528078863263130138e+00
5.562194151061773617e+00
5.583719112700223697e+00
5.595246683692931988e+00
5.642130084073543550e+00
5.533976618665456648e+00
5.546597941565513779e+00
5.581220718801021441e+00
5.487193092775345171e+00
5.537097035074234341e+00
5.419340446817875190e+00
5.481578697395324440e+00
5.511772214400767922e+00
5.581347559189796748e+00
5.608812550032138411e+00
5.467892699623107866e+00
5.425780782318115669e+00
5.458889660251140974e+00
5.412944494569301490e+00
5.417143070995807719e+00
5.473236679005623273e+00
5.568630636906624076e+00
5.524617400407791479e+00
5.440598145306110744e+00
5.708381873345374835e+00
5.955753152137995166e+00
6.254493545192479687e+00
6.259641850924491990e+00
6.137171755158901121e+00
6.042866711568832372e+00
6.179739916646480147e+00
6.183670661580562999e+00
6.122313494122028743e+00
6.147762241756915991e+00
6.206574512588978187e+00
6.102067547297477468e+00
6.001689548230171312e+00
6.084634925544261996e+00
6.050322703278064651e+00
5.994088665068149524e+00
5.993148319137096003e+00
6.148126290345191869e+00
6.281712041974067517e+00
6.296178557479381155e+00
6.190045925843715935e+00
6.166818486690520906e+00
6.170010530960559514e+00
6.263341192507743571e+00
6.370831038582324801e+00
6.372994678735732776e+00
6.371055799961090393e+00
6.326639650011062876e+00
6.309214908146858036e+00
6.298022706532478310e+00
6.142035222578048348e+00
6.137054130280017894e+00
6.188015313339233714e+00
6.166552031892537755e+00
6.183430482965707853e+00
6.319555832487345093e+00
6.338842438566684834e+00
6.336615145969390461e+00
6.390497082412243124e+00
6.462859910821914688e+00
6.324546335071325132e+00
6.254162834727764242e+00
6.304432534980773717e+00
6.316663567817211167e+00
6.291080979621410663e+00
6.202472686791420386e+00
6.298235016703605638e+00
6.302013916540145644e+00
6.312932471370697129e+00
6.206707512718439013e+00
6.412346420294046112e+00
6.629873735588788897e+00
6.736430645996332345e+00
6.760575182420015317e+00
6.831001744830608402e+00
6.777974156057834598e+00
6.759946339225769485e+00
6.838663005471229184e+00
6.908135333776473708e+00
6.786769900429248992e+00
6.751871838271617854e+00
6.858171018755435888e+00
6.883573137962818222e+00
6.770055934941768605e+00
6.778224623203277233e+00
6.861887520289420728e+00
6.977348304045200678e+00
6.902813812780379976e+00
6.905089338570832957e+00
6.942301509928703318e+00
6.856513326472043701e+00
6.923517186975479021e+00
6.815602215635776950e+00
6.901286314976215586e+00
7.117759029829501927e+00
6.950011164045333700e+00
6.830683555603027202e+00
7.012784030365944332e+00
6.863679971790313417e+00
6.987558079248667120e+00
6.932166023302078095e+00
6.761534459733963054e+00
6.813832544583082296e+00
6.998291366183758022e+00
6.914788515180349648e+00
6.826515754854678875e+00
6.830844006180763373e+00
6.886089299827814258e+00
6.935779719668627052e+00
6.930516220897436241e+00
6.917870706284046101e+00
6.870908143985271721e+00
6.924321278882026753e+00
6.831048580598831244e+00
6.931620138335228276e+00
6.814075633037090185e+00
6.884168266987800600e+00
6.843260821044444775e+00
6.877173038637637958e+00
6.779411789441108560e+00
7.212104674136639026e+00
7.355169406509399543e+00
7.452610284417867881e+00
7.425619422316550811e+00
7.296641671252250383e+00
7.386941859865189031e+00
7.425262413835525876e+00
7.476292798388004535e+00
7.234771484160423149e+00
7.489212970274686576e+00
7.415484618008136408e+00
7.341674901103973028e+00
7.401764827775955347e+00
7.446020935392379414e+00
7.323437154543399608e+00
7.430298804783821431e+00
7.362406004691123940e+00
7.388646036314963972e+00
7.357934961593151080e+00
7.498016298615932662e+00
7.405105062139034189e+00
7.404655270457268124e+00
7.557286348009109922e+00
7.466443808245658786e+00
7.485921270596980648e+00
7.481048691642284254e+00
7.573432122540474154e+00
7.473043544101715341e+00
7.487252962863445660e+00
7.432238917064666772e+00
7.547591758453846111e+00
7.539943774777650987e+00
7.473133460032939546e+00
7.414852574443816735e+00
7.463406864702701426e+00
7.537422706973552877e+00
7.539233195739984517e+00
7.510766489028930515e+00
7.566646248292922650e+00
7.612386946821212419e+00
7.612973154926300445e+00
7.469447800862789144e+00
7.593700342553853844e+00
7.509693483543395942e+00
7.661514078128337957e+00
7.543910855996609044e+00
7.633708530759811595e+00
7.636443123865127802e+00
7.528930981874466077e+00
7.437347358679771148e+00
8.401904733955859683e+00
8.250844358944892321e+00
8.337571162080765319e+00
8.311719205009937994e+00
8.329782997512817033e+00
8.323411084789038128e+00
8.306775356924534393e+00
8.336916303974389209e+00
8.364416707158088826e+00
8.264135524976254032e+00
8.199677316260338245e+00
8.407640862655640035e+00
8.235246592643857610e+00
8.301536921668052571e+00
8.255844134861231254e+00
8.244685306692122850e+00
8.239818229794503068e+00
8.268142888736724316e+00
8.259729682773350845e+00
8.213405067378282354e+00
8.302620840573311511e+00
8.250716486376523662e+00
8.101226730120181685e+00
8.134439296895266125e+00
8.044539959490299097e+00
8.122671372222900033e+00
8.061721867048740719e+00
7.998369103258847979e+00
8.089467679184675575e+00
8.202726085352898266e+00
8.185011290431022601e+00
8.121478739309310413e+00
8.166140282952785157e+00
8.210456381309032992e+00
8.139024077439307447e+00
8.122974466001988247e+00
8.117693888640403088e+00
7.951105906003713919e+00
7.749914798209070810e+00
7.757984457999468120e+00
7.966268901443481099e+00
7.793732998085022068e+00
7.860208672690391474e+00
7.917906387293339066e+00
7.888365145021676739e+00
7.780189589244127291e+00
7.799791290068626815e+00
7.820924159312248491e+00
7.914735034525394397e+00
7.916051787689328378e+00
8.709955322074890205e+00
8.749074889805912747e+00
8.773194739335774983e+00
8.650047580260038060e+00
8.574711743295193145e+00
8.450634186169505568e+00
8.450466610291600844e+00
8.293409445637465183e+00
8.285578097820282650e+00
8.242609432542323589e+00
8.304645902794598911e+00
8.264742019742726598e+00
8.188928749966621012e+00
8.097671423590183437e+00
8.174747595196961925e+00
8.233263977044821047e+00
8.159110760235787296e+00
8.158555993956326802e+00
8.122481649726628561e+00
8.138962429291009215e+00
8.378073969203233773e+00
8.200122900065780485e+00
8.252403180095553736e+00
8.226384504884482141e+00
8.080921945950388263e+00
8.253342774909734558e+00
8.169197386142611705e+00
8.323236764925718845e+00
8.271456970182061497e+00
8.339542925691604935e+00
8.151379966655373011e+00
8.381471973153947985e+00
8.148002957105637378e+00
8.148603130865097910e+00
8.222190656828880506e+00
8.219068698430060493e+00
8.063781644731760068e+00
8.035321115821599136e+00
8.121800152903794867e+00
8.206024442142247466e+00
8.089045902383327658e+00
7.995868791788816488e+00
8.036098741811514401e+00
8.225159381628037281e+00
8.037516474986077242e+00
8.012607939982414607e+00
8.174773374527692482e+00
8.059456052267551129e+00
8.256437080216407765e+00
8.249024505543708585e+00
8.843006580507754677e+00
8.785168325757981123e+00
8.996646606540679159e+00
9.129891965785622787e+00
9.083381940102576380e+00
9.068152518662810024e+00
9.227853030076623497e+00
9.266243270283936795e+00
9.296855882579087904e+00
9.339284494939446901e+00
9.329588499385119249e+00
9.509396332582831235e+00
9.362419162535667638e+00
9.510410437864065258e+00
9.413105949109793258e+00
9.479456154426932457e+00
9.285741723459958408e+00
9.520645834755898207e+00
9.535843998104333252e+00
9.564383677744865864e+00
9.519339906841516097e+00
9.624273916995525369e+00
9.628784426289797693e+00
9.703667925298214314e+00
9.676395708414911923e+00
9.725728658413887118e+00
9.666593211364746807e+00
9.584871325445174506e+00
9.824681776779890185e+00
9.704410125210880977e+00
9.705669265341759555e+00
9.687113093665242758e+00
9.669247382137179159e+00
9.829764164340495824e+00
9.722638534772396923e+00
9.770387161648272922e+00
9.829043232080341141e+00
9.818270070669054661e+00
9.824475205704569447e+00
9.733551949274540149e+00
9.641701219695805847e+00
9.772865419083833771e+00
9.795412995600701223e+00
9.851025397896766123e+00
9.876865666913985820e+00
9.994423421555756804e+00
1.002288254246711752e+01
1.006777279312908568e+01
1.006036780064106040e+01
1.006262409011721637e+01
1.090103045103549917e+01
1.096316131695806995e+01
1.105275115272998754e+01
1.106157599737644226e+01
1.100562556264400449e+01
1.099201182606816296e+01
1.106474614923596356e+01
1.106911211883425672e+01
1.118899265167713253e+01
1.115298545443415712e+01
1.113212563320994342e+01
1.118870484000444421e+01
1.111416973396539731e+01
1.112488481201529567e+01
1.125267091207504322e+01
1.115288481168746948e+01
1.111625016237497299e+01
1.122820509290099089e+01
1.127777223898172387e+01
1.129940633774995717e+01
1.127532912154197753e+01
1.127449470552802069e+01
1.123547393134832362e+01
1.105475003177523696e+01
1.127878040592074349e+01
1.111193753852844246e+01
1.121820833649039351e+01
1.114857614345550552e+01
1.110026535385251023e+01
1.117267453017830903e+01
1.120923203636407806e+01
1.115556447252035177e+01
1.115751159156560846e+01
1.136929963012933698e+01
1.119722503318786622e+01
1.120262428480386774e+01
1.119086475057601859e+01
1.127206083664894187e+01
1.134041716122627186e+01
1.116368500775694805e+01
1.113088630447387750e+01
1.108002951138019476e+01
1.115778365346193368e+01
1.107719668862223550e+01
1.112327518092989997e+01
1.098437759672403402e+01
1.119979747482538279e+01
1.096347011930942550e+01
1.111523269073963149e+01
1.112802958562374123e+01
1.201303667949438037e+01
1.184925014794468900e+01
1.179914176204204601e+01
1.184705468829274189e+01
1.168092956339716970e+01
1.165519293457865757e+01
1.168315733685493463e+01
1.161730451104640949e+01
1.153347042800784195e+01
1.163749868947267530e+01
1.156745010665059148e+01
1.136194558904766971e+01
1.141903967340588544e+01
1.156452094925642093e+01
1.167186948332786578e+01
1.177773412922024754e+01
1.179703891429901041e+01
1.177978874197602188e+01
1.177156457796692912e+01
1.171060830326080371e+01
1.178403906896710396e+01
1.193379997859001129e+01
1.193294083657264792e+01
1.200446523981094415e+01
1.200855484037399279e+01
1.201223587312698449e+01
1.173427153481245000e+01
1.190659637096524293e+01
1.194392119274139397e+01
1.198740540939569499e+01
1.183239261713027979e+01
1.183976265750527368e+01
1.197177765147685946e+01
1.197160996007919387e+01
1.188177511136531805e+01
1.219007486667037021e+01
1.218271260188818061e+01
1.209598162571787761e+01
1.221649095087051329e+01
1.226072483296394289e+01
1.225297006216049134e+01
1.226208351365327864e+01
1.224097989506721440e+01
1.215592583274841232e+01
1.227475162310600254e+01
1.213361647262573229e+01
1.227057806544303808e+01
1.229791019842624600e+01
1.239286838502883903e+01
1.241097503519058165e+01
1.328731868236064884e+01
1.305154501175880455e+01
1.317859043917655981e+01
1.324734941103458397e+01
1.325427560498714463e+01
1.334780551314353936e+01
1.341337249150276101e+01
1.329305257573127719e+01
1.318688533419370579e+01
1.331986210613250776e+01
1.337389508556127460e+01
1.339782949004173318e+01
1.316513952336311277e+01
1.326842272043228199e+01
1.330169696667194401e+01
1.326203338885307303e+01
1.340251836001873009e+01
1.335185087828636163e+01
1.324955957942009022e+01
1.302530532138347574e+01
1.313540715404152870e+01
1.311543790386915198e+01
1.321004669882059090e+01
1.314386434593796693e+01
1.301635675446987150e+01
1.294628244709372566e+01
1.294917437466382992e+01
1.309123678542375480e+01
1.300363859098553654e+01
1.299643969179391867e+01
1.290550227406024852e+01
1.288620379281043959e+01
1.301614894645214093e+01
1.305201315494179681e+01
1.300767711696624751e+01
1.317880229461193053e+01
1.317881047284603113e+01
1.309532879901528446e+01
1.329681398684978433e+01
1.319585716867446834e+01
1.330110995912551886e+01
1.329609058459997151e+01
1.314861755377054209e+01
1.324506548988819077e+01
1.307962768310308377e+01
1.323556602271795235e+01
1.311797506892681042e+01
1.310775693546533560e+01
1.321897537331581063e+01
1.325135387330055181e+01
1.400254441562890939e+01
1.414734901890158625e+01
1.423362759367227603e+01
1.413601482597589509e+01
1.418674135076999576e+01
1.408064538013935163e+01
1.412478639651537016e+01
1.403673454997539594e+01
1.399951997156143157e+01
1.406617826920747838e+01
1.413027625849843005e+01
1.414662756626606033e+01
1.412878480471372633e+01
1.414980608382225036e+01
1.424548822572231366e+01
1.422745394494533500e+01
1.401916435570120889e+01
1.403277846548557228e+01
1.413414922040700894e+01
1.415158907815217937e+01
1.409918210985660636e+01
1.413761294143199976e+01
1.407948739340901412e+01
1.419450848308801660e+01
1.407066087386608189e+01
1.407226574499607175e+01
1.431263414378166132e+01
1.426003124557733592e+01
1.429378881779909172e+01
1.434218969960808820e+01
1.418426524415612278e+01
1.431974841156601919e+01
1.432406132183074909e+01
1.425856107459068234e+01
1.434425158016681756e+01
1.443688045985698665e+01
1.439069613776207035e+01
1.445836179161071833e+01
1.446423728444576184e+01
1.427508488595485758e+01
1.461443249924778875e+01
1.438854817550182297e+01
1.439456035294532832e+01
1.432512227599620758e+01
1.440899568097591477e+01
1.413080012131929486e+01
1.440332109783887837e+01
1.439258628382682836e+01
1.444973110227584812e+01
1.445793408471941888e+01
1.531475320563316345e+01
1.507123194465637184e+01
1.521282876555919650e+01
1.534913567023277281e+01
1.542955418466329576e+01
1.531533990511894139e+01
1.539359560606479604e+01
1.555857920198440603e+01
1.531856045908927832e+01
1.538949548583030769e+01
1.549066669290065690e+01
1.542851906132698048e+01
1.524817224307060215e+01
1.534130611884593876e+01
1.543564208253025960e+01
1.528328781766891531e+01
1.549694003448486335e+01
1.540128618323802989e+01
1.561281741750240393e+01
1.560794487917423190e+01
1.537920113415718149e+01
1.554214786022901507e+01
1.549592378578186036e+01
1.558052270593643129e+01
1.542262088273763609e+01
1.548602377471923752e+01
1.569500290679931709e+01
1.558447280898094256e+01
1.550258196997642557e+01
1.558944070487022415e+01
1.557984508125782064e+01
1.539795466899871812e+01
1.537562189159393355e+01
1.557330772304534960e+01
1.556918541631698538e+01
1.557344624048471537e+01
1.540989789317846359e+01
1.539419048318862870e+01
1.557185951039791050e+01
1.561647100300192825e+01
1.552873790421485900e+01
1.560934465831518203e+01
1.568961467651128849e+01
1.559131587634086635e+01
1.562126198413372080e+01
1.568750491549968729e+01
1.551420372819900528e+01
1.543726563284397102e+01
1.569080853816270782e+01
1.548606052157878921e+01
1.627523332767486508e+01
1.642592663447856793e+01
1.657470766658783035e+01
1.639404148089289492e+01
1.645329139637946980e+01
1.645617836954593827e+01
1.659220306195616601e+01
1.640216212594508960e+01
1.648486270527839537e+01
1.648042046818733297e+01
1.641735128140449618e+01
1.658766529474258533e+01
1.648625897541046115e+01
1.658439530222415925e+01
1.644527846322059617e+01
1.655170116355419196e+01
1.652587904026508170e+01
1.631267586219310672e+01
1.654791099448204150e+01
1.647807145934104867e+01
1.652265610771179283e+01
1.666473981978893448e+01
1.652571441445350686e+01
1.640386989083290104e+01
1.656117521023750427e+01
1.640158896999358973e+01
1.647984003239870177e+01
1.648042647103667235e+01
1.644615542694330301e+01
1.664431800109148085e+01
1.638210702049136103e+01
1.631006774932146186e+01
1.648332091305255886e+01
1.629241960422992719e+01
1.656533368018865460e+01
1.642705854742526839e+01
1.633771871302127821e+01
1.636937347955703714e+01
1.644796729960441439e+01
1.644095470499992473e+01
1.651873135524988001e+01
1.638770243899822177e+01
1.642868062034845522e+01
1.636405777240991455e+01
1.650761933550834826e+01
1.651139915323257412e+01
1.641000102959871398e+01
1.666579584042429829e+01
1.661229520214200051e+01
1.659103903942704150e+01
1.742232713165283187e+01
1.732945256242751952e+01
1.758815860897898631e+01
1.747212436813116199e+01
1.749843202057480696e+01
1.745562645373344424e+01
1.737390871171951190e+01
1.761641591262817386e+01
1.742431612659692775e+01
1.739727646214961965e+01
1.745990144138336220e+01
1.759540306028127787e+01
1.751352559752464444e+01
1.752987941422462370e+01
1.758721736543178693e+01
1.755638776435852222e+01
1.746194640368223361e+01
1.745820071992874034e+01
1.754094999004006539e+01
1.758606943221092322e+01
1.758009227902889293e+01
1.753696886435747260e+01
1.763713658760785918e+01
1.764731885824203417e+01
1.750392434422373711e+01
1.759809760468005990e+01
1.737515118880271814e+01
1.737516809976100873e+01
1.759981220142841352e+01
1.759068043881654830e+01
1.748602435454726134e+01
1.749647798550128996e+01
1.761949422453641745e+01
1.756807674078941517e+01
1.752761211760640236e+01
1.748599518951773746e+01
1.748930572953820217e+01
1.760526181766987008e+01
1.752240223321318524e+01
1.737363143357038453e+01
1.759145712594985866e+01
1.750014738025665295e+01
1.753912259719371747e+01
1.756158065152168390e+01
1.756038448925614404e+01
1.752680618858933315e+01
1.753084419505596259e+01
1.757867303786277802e+01
