-2.144760595259256608e-01
-2.144760595259256608e-01
-2.144760595259256608e-01
-2.144760595259256608e-01
-2.144760595259256608e-01
-2.144760595259256608e-01
-2.144760595259256608e-01
-2.144760595259256608e-01
-2.144760595259256608e-01
-2.144760595259256608e-01
-2.144760595259256608e-01
-2.144760595259256608e-01
-2.144760595259256608e-01
-2.144760595259256608e-01
-2.144760595259256608e-01
-2.144760595259256608e-01
-2.144760595259256608e-01
-2.144760595259256608e-01
-2.144760595259256608e-01
-2.144760595259256608e-01
-2.144760595259256608e-01
-2.144760595259256608e-01
-2.144760595259256608e-01
-2.144760595259256608e-01
-2.144760595259256608e-01
-2.144760595259256608e-01
-2.144760595259256608e-01
-4.156370169064030340e-02
2.741135678144172028e-01
8.728453330099582574e-01
1.495103941249847468e+00
1.933677095186710382e+00
2.992199926531315057e+00
2.971430261397361772e+00
3.876399547791481215e+00
3.903175193917751251e+00
4.906666733860969742e+00
4.768727265882492183e+00
5.757141764163971054e+00
5.580611144351959041e+00
6.509437070345878595e+00
6.352419497966766748e+00
7.110994961071014586e+00
7.172203617286681876e+00
7.928599835252762240e+00
7.997317198514938497e+00
8.694892913532257239e+00
8.705714423227309595e+00
9.596050216770171559e+00
9.324590981197356854e+00
9.794663864278794208e+00
9.795766543388365832e+00
1.057444984078407302e+01
1.046312688560485782e+01
1.137450986089706362e+01
1.141800450649261478e+01
1.232310269160270622e+01
1.196969605364799527e+01
1.292553935155868494e+01
1.260419662942886276e+01
1.351778048944473198e+01
1.330283112387657241e+01
1.385737244219779996e+01
1.404706495480537498e+01
1.484893325777053796e+01
1.463248367729186938e+01
1.525066458725929230e+01
1.547730712261200026e+01
1.598378004531860341e+01
1.592577991564273887e+01
1.647815715034008122e+01
1.660792271645069107e+01
1.717916745424270530e+01
1.749898282580375763e+01
1.830100494232177866e+01
1.798946770384311833e+01
1.851805232844352744e+01
1.845967859144210976e+01
1.911376770333647812e+01
1.925479167535305081e+01
1.974697472094297268e+01
2.001892102904319870e+01
2.062830808416306994e+01
2.043414019474983334e+01
2.111825483929514746e+01
2.112832707538008847e+01
2.170782226665020076e+01
2.170470013298988476e+01
2.247616538238525408e+01
2.240298368075490032e+01
2.309607185410261110e+01
2.282893819024562987e+01
2.378231404278278305e+01
2.350142934618592250e+01
2.432347275793552299e+01
2.438834029283523464e+01
2.503858460144996556e+01
2.513963158299922895e+01
2.619673743929863008e+01
2.571084163120389121e+01
2.679484429007768753e+01
2.647326275888085334e+01
2.697805800952911426e+01
2.692721028270721462e+01
2.777152238392233841e+01
2.760624331448078195e+01
2.857461809928417296e+01
2.826987705979347254e+01
2.902043493159413501e+01
2.905580660192966391e+01
2.985648929057121137e+01
2.989128011317253097e+01
3.058505685269236452e+01
3.089740792002677949e+01
3.156539283065199797e+01
3.169183232761025337e+01
3.242586817064285043e+01
3.244457983627915354e+01
3.324820089782476629e+01
3.328661833218335886e+01
3.407073203676939244e+01
3.384424944213628805e+01
3.462555542298555622e+01
3.482835336344242450e+01
3.536141262310743372e+01
3.545995688215494113e+01
3.602043362003564653e+01
3.599427416531443669e+01
3.656513873740434661e+01
3.656370649791956140e+01
3.722997439635395978e+01
3.715136314823627117e+01
3.792734091563225007e+01
3.784282795369625063e+01
3.843149172925949131e+01
3.820280477423668231e+01
3.895478678833246278e+01
3.873824724448323309e+01
3.905356148913502778e+01
3.938692855223417411e+01
3.988373428254127617e+01
3.995295169816017022e+01
4.043663557989597024e+01
4.067398549127578633e+01
4.115605857841372739e+01
4.110181830890178389e+01
4.174360198826789770e+01
4.151304364726543383e+01
4.213513189938068138e+01
4.192881481781005704e+01
4.248314426006674438e+01
4.230565898582935347e+01
4.282149097052216291e+01
4.287987320280671355e+01
4.347236617435812889e+01
4.349700096483826428e+01
4.414135469061731953e+01
4.438972596619129263e+01
4.499804224635958860e+01
4.492520287621021424e+01
4.520893719635009944e+01
4.528427368629574801e+01
4.590233109962940006e+01
4.572459542040228797e+01
4.640372666551471070e+01
4.616505169627666305e+01
4.640233969397544911e+01
4.641783967415690171e+01
4.687264661228656593e+01
4.624431258387565435e+01
4.689428587419986627e+01
4.651683012941479944e+01
4.664880671186447358e+01
4.712087612917423485e+01
4.763002353978752978e+01
4.783009832250476023e+01
4.856051285715699350e+01
4.843749376454949385e+01
4.895397966609001372e+01
4.945220160927772213e+01
