-9.986899882396974015e-02
-9.986899882396974015e-02
-9.986899882396974015e-02
-9.986899882396974015e-02
-9.986899882396974015e-02
-9.986899882396974015e-02
-9.986899882396974015e-02
-9.986899882396974015e-02
-9.986899882396974015e-02
-9.986899882396974015e-02
-9.986899882396974015e-02
-9.986899882396974015e-02
-9.986899882396974015e-02
-9.986899882396974015e-02
-9.986899882396974015e-02
-9.986899882396974015e-02
-9.986899882396974015e-02
-9.986899882396974015e-02
-9.986899882396974015e-02
-9.986899882396974015e-02
-9.986899882396974015e-02
-9.986899882396974015e-02
-9.986899882396974015e-02
-9.986899882396974015e-02
-9.986899882396974015e-02
1.064375730204395881e-01
1.968232429120689575e-01
1.103563456741720517e+00
1.144451270063221449e+00
1.179248480775952235e+00
1.162460501155257120e+00
1.167100845208018933e+00
2.273179878622293426e+00
2.338187295174598557e+00
2.333850731068849438e+00
2.308617270874977034e+00
2.243910277938842679e+00
2.254308992183208460e+00
2.215706366133689986e+00
2.195802549028396555e+00
2.204940097719430891e+00
2.189428864800929908e+00
2.941125789880752350e+00
3.623170096182823041e+00
3.503316103267669845e+00
3.233411407923698633e+00
3.291933351278304887e+00
3.375331566977501030e+00
3.311683525156974728e+00
3.293361432790756105e+00
3.346515695333480700e+00
3.394601694703101913e+00
4.409582539200783025e+00
4.921235341453551904e+00
4.694097629857063581e+00
4.414758778357505520e+00
4.472596481847762817e+00
4.468194042253494480e+00
4.465974255442619167e+00
4.357693171501159313e+00
4.409739859056473144e+00
4.457354531717300006e+00
5.152255925464630515e+00
5.835213797235488720e+00
5.695287569808959560e+00
5.379856836509704365e+00
5.286351458787917679e+00
5.361257223224639823e+00
5.605064339017867603e+00
5.684945449066161949e+00
5.583531563282012833e+00
5.454568923997879182e+00
5.979258339214324813e+00
6.519245776700973494e+00
6.280372728776931979e+00
6.255022004604339436e+00
6.377215253496170355e+00
6.363358759522437680e+00
6.402120699501037571e+00
6.403072888374328642e+00
6.266419305372238568e+00
6.327800574278831469e+00
7.021398714685440190e+00
7.303302857685088689e+00
7.031417490005493320e+00
7.047136805438995566e+00
7.193204172372817951e+00
7.257651598310470575e+00
7.208130226683616470e+00
7.257855058979988172e+00
7.368881358170509266e+00
7.342059552884101947e+00
8.043028652954101076e+00
8.207786798810959183e+00
8.231034151959418566e+00
8.334939496040345119e+00
8.263238243436813235e+00
8.169865017390250728e+00
8.237132217741011786e+00
8.316743243145943154e+00
8.305679737496376447e+00
8.337129283630847709e+00
9.256172843670844586e+00
9.219943862497807174e+00
9.126521181029081831e+00
9.240405900835991559e+00
9.230704023015499970e+00
9.263078927993774414e+00
9.303313649141788488e+00
9.351489107167720860e+00
9.265050421249865664e+00
9.161532556203008326e+00
1.015340347627401307e+01
1.019813851681351657e+01
1.019253401817083393e+01
1.013605876065492595e+01
1.021592482675313995e+01
1.006136105546355175e+01
1.008329711872339196e+01
1.009171250994205415e+01
1.007981813575029406e+01
1.009927381084561304e+01
1.108572675889134374e+01
1.095103971573114343e+01
1.112339768130183160e+01
1.106345840450525309e+01
1.112033730864524905e+01
1.107833352349996581e+01
1.117909050440788299e+01
1.112208033912181904e+01
1.111712987862825308e+01
1.107928251807689612e+01
1.203443198213577325e+01
1.200250859287977256e+01
1.216212892730236028e+01
1.201213510000705753e+01
1.202191746239662251e+01
1.212371799731254640e+01
1.217403820836543993e+01
1.211377289700508086e+01
1.217145006887912828e+01
1.214089738478660507e+01
1.316313692586421880e+01
1.323215229444503827e+01
1.313671063835620956e+01
1.314446312689781138e+01
1.322119095187187199e+01
1.322726169397830986e+01
1.309266167466640418e+01
1.311459821748733567e+01
1.313193410317897758e+01
1.312004649834632808e+01
1.422575061683654774e+01
1.413800511106252600e+01
1.403808515859246242e+01
1.415932036452889520e+01
1.403874401678442929e+01
1.418459636318683614e+01
1.410331497885584895e+01
1.400067172159552520e+01
1.399374747962951737e+01
1.415263248659372408e+01
1.522087243829965608e+01
1.506174436721801690e+01
1.513265468618869747e+01
1.520011635768413605e+01
1.519523037450313652e+01
1.501804479787349678e+01
1.532070798063278261e+01
1.509056760785579598e+01
1.506620547852516090e+01
1.512097210185527807e+01
1.605534516463279715e+01
1.593541980135440816e+01
1.599108652005195630e+01
1.599449774084091125e+01
1.581585844960212661e+01
1.621272656030654957e+01
1.604073118677139220e+01
1.612769211668968339e+01
1.619828925724029389e+01
1.619292161850929190e+01
1.722485274810791012e+01
1.705559268207549906e+01
1.697800454983711305e+01
1.703998692502975487e+01
1.710703392574787074e+01
1.712695854225158598e+01
1.716770083279609693e+01
1.709777813363075083e+01
1.725093839015960739e+01
1.729531970763206417e+01
1.811020988488197503e+01
1.825134731659889198e+01
1.847246079540252595e+01
1.813533953590393111e+01
1.832936520466804353e+01
1.827021643180847121e+01
1.805537850174903980e+01
1.826214623265266468e+01
1.812926669621467468e+01
1.828336819071769881e+01
1.902923396430015401e+01
1.920294344577789403e+01
1.911193957157135159e+01
1.912666673755645874e+01
1.894716422958374125e+01
1.902667380695342914e+01
1.898374995489120565e+01
1.912990151224136426e+01
1.916717534141540469e+01
1.919382514300346543e+01
1.998813516430854875e+01
1.984779053096771406e+01
1.994309240322112942e+01
1.998772784371375977e+01
1.991417325038909780e+01
1.996307128119468643e+01
1.995546691093444736e+01
2.009973321290016202e+01
1.996675245175361724e+01
2.017158578543662983e+01
2.113711940937042399e+01
2.090508303136825674e+01
2.087711935081481940e+01
2.096079167013168387e+01
2.089298625950813459e+01
2.097336711034774837e+01
2.090143600764274723e+01
2.082483863363265897e+01
2.081635280847549296e+01
2.085505967817306683e+01
2.172350321402549866e+01
2.173200568585395942e+01
2.153016008863449215e+01
2.154027218441963143e+01
2.153438668880462714e+01
2.163099720177650553e+01
2.143169488072395268e+01
2.165797409667968765e+01
2.135416415572166571e+01
2.157812998967170870e+01
2.230365152921676497e+01
2.223771431980133073e+01
2.246511021795272711e+01
2.254188144683837791e+01
2.241274926428794956e+01
2.224559093937874010e+01
2.251627489624023326e+01
2.253823244299888628e+01
2.253348562026024027e+01
2.227121395206451382e+01
2.299006936025619652e+01
2.299557578306198025e+01
2.332014111490249775e+01
2.337422126250266885e+01
2.304826140737533535e+01
2.300947607898712022e+01
2.306706083331108204e+01
2.319087837858199919e+01
2.316054280962944034e+01
2.290732738618850561e+01
2.375479032592773265e+01
2.364383454136848428e+01
2.345235728335380543e+01
2.361407477836608848e+01
2.363236943364143272e+01
2.349187234716415418e+01
2.363135592150688069e+01
2.359310386285782002e+01
2.374882113752365242e+01
2.344307897820472775e+01
2.425187507171630941e+01
2.428081355652809137e+01
2.435082108645439192e+01
2.433565923075676096e+01
2.469994098548889028e+01
2.446182898507118253e+01
2.444070100450515781e+01
2.420141354517936705e+01
2.441108336558341918e+01
2.457911290779113855e+01
2.538043342409133984e+01
2.542657832231521553e+01
2.523104190797805657e+01
2.569352711200714268e+01
2.547502178802490391e+01
2.515303496255874549e+01
2.524465059328079164e+01
2.533948489742278909e+01
2.532925549173355151e+01
2.520654001340865946e+01
2.599905206184387296e+01
2.614744680976867741e+01
2.604771445379257244e+01
2.628762886209488059e+01
2.618982996377944872e+01
2.601364721107482936e+01
2.632285955543517986e+01
2.603735400171279935e+01
2.621471357927322288e+01
2.621685983848571766e+01
2.704422290029525655e+01
2.710515957756042482e+01
2.707415813312530517e+01
2.720906415576934734e+01
2.700941522655487148e+01
2.685083232946395881e+01
2.705716232957840006e+01
2.698996823148727486e+01
2.685742466812133955e+01
2.699506840124130136e+01
2.765571211099624804e+01
2.802338367834091315e+01
2.769985990619659333e+01
2.785470089683532890e+01
2.791165580873489205e+01
2.790683821134567211e+01
2.797575280427932753e+01
2.805127954320907691e+01
2.805007830295562599e+01
2.788270104188919163e+01
2.878772131242752153e+01
2.867846094942093060e+01
2.868149900989532597e+01
2.869184676227569497e+01
2.855958609838485884e+01
2.872584875459671139e+01
2.881586098680496377e+01
2.855250734930038448e+01
2.874309335947036814e+01
2.888491201152801580e+01
2.978131681489944427e+01
2.969704812860488730e+01
2.964732871475219866e+01
2.976407663574218887e+01
2.966088189592361601e+01
2.953577798557281398e+01
2.983569671878814589e+01
2.966487159576416133e+01
2.956405543956756432e+01
2.970909269418716292e+01
3.046038364562988221e+01
3.042368233642578090e+01
3.030258153018951361e+01
3.070871922521591202e+01
3.061641195507049673e+01
3.060229834671020654e+01
3.033373442831039313e+01
3.060692073221206755e+01
2.993371542234420701e+01
3.051572761468887407e+01
3.109886071929931717e+01
3.129935415000915455e+01
3.139619102325439570e+01
3.088299461364746179e+01
3.097455822782516321e+01
3.123870159492492604e+01
3.088931731681823578e+01
3.091288704366683859e+01
3.096608789272308471e+01
3.075666155557632564e+01
3.149124124870300179e+01
3.130670545206070088e+01
3.147195195560455261e+01
3.109777623281478753e+01
3.137446319227218794e+01
3.133642273492813146e+01
3.135187755746841276e+01
3.119972525138854991e+01
3.142770014629364184e+01
3.129558592786789006e+01
3.190957658309936562e+01
3.177133084726333578e+01
3.189786122789383072e+01
3.222683749456405877e+01
3.173752896528243994e+01
3.197357819137573287e+01
3.202882470779418611e+01
3.224737942152023606e+01
3.227330264415741112e+01
3.208650079593658688e+01
3.288982167606354068e+01
3.307314786157608211e+01
3.279366734876632705e+01
3.268264255065918178e+01
3.280959414529800711e+01
3.272518003454208468e+01
3.310098787231445527e+01
3.281731939811706411e+01
3.281958609781265324e+01
3.282329911804199440e+01
3.339714214191436525e+01
3.364277423124313060e+01
3.367706541767120143e+01
3.346561266565323223e+01
3.378732632436751970e+01
3.339796327357291972e+01
3.340877029407024423e+01
3.349985238990783643e+01
3.367915414476394886e+01
3.353121876010894908e+01
3.420580193500519073e+01
3.404602793350219514e+01
3.393402453241348127e+01
3.344301396012306071e+01
3.413412749824524184e+01
3.392190708055495918e+01
3.378419868278503202e+01
3.417174159469604433e+01
3.412100312929153745e+01
3.414909069614410697e+01
3.517454908819198778e+01
3.484145093784331948e+01
3.494141645154952869e+01
3.515555227279663342e+01
3.482296591377258466e+01
3.455600423736571969e+01
3.488420901165008559e+01
3.511095700654983176e+01
3.496513812789916642e+01
3.485034643516540598e+01
3.542178456716537482e+01
3.548589217681885088e+01
3.579419782361983948e+01
3.553007074785232788e+01
3.513921094722747540e+01
3.553476646842956654e+01
3.566914508380889970e+01
3.562300323038100913e+01
3.566247045402526794e+01
3.591801140136718828e+01
3.634951847801208658e+01
3.663606980943679758e+01
3.652304472856521755e+01
3.667996737957000875e+01
3.649462796926498243e+01
3.626319372653961182e+01
3.632178189992905004e+01
3.619804026546478326e+01
3.643818448390960896e+01
3.640345228757858109e+01
3.710414489774704094e+01
3.707481401853561209e+01
3.725838814764022544e+01
3.700566337242126735e+01
3.665031980557441926e+01
3.707976028270721258e+01
3.706586536512374863e+01
3.720159129409790211e+01
3.718124004163742313e+01
