4.944497542315933747e-01
4.944497542315933747e-01
4.944497542315933747e-01
4.944497542315933747e-01
4.944497542315933747e-01
4.944497542315933747e-01
4.944497542315933747e-01
4.944497542315933747e-01
4.944497542315933747e-01
4.944497542315933747e-01
4.944497542315933747e-01
4.944497542315933747e-01
4.944497542315933747e-01
4.944497542315933747e-01
4.944497542315933747e-01
4.944497542315933747e-01
4.944497542315933747e-01
4.944497542315933747e-01
4.944497542315933747e-01
4.944497542315933747e-01
4.944497542315933747e-01
4.944497542315933747e-01
4.944497542315933747e-01
4.944497542315933747e-01
4.944497542315933747e-01
4.944497542315933747e-01
4.944497542315933747e-01
4.944497542315933747e-01
4.944497542315933747e-01
4.944497542315933747e-01
4.944497542315933747e-01
4.944497542315933747e-01
4.944497542315933747e-01
4.944497542315933747e-01
4.944497542315933747e-01
4.944497542315933747e-01
4.944497542315933747e-01
4.944497542315933747e-01
4.944497542315933747e-01
4.944497542315933747e-01
4.944497542315933747e-01
4.944497542315933747e-01
4.944497542315933747e-01
4.944497542315933747e-01
4.944497542315933747e-01
4.944497542315933747e-01
4.944497542315933747e-01
4.944497542315933747e-01
4.944497542315933747e-01
4.944497542315933747e-01
4.944497542315933747e-01
4.944497542315933747e-01
4.944497542315933747e-01
4.944497542315933747e-01
4.944497542315933747e-01
4.944497542315933747e-01
4.944497542315933747e-01
4.944497542315933747e-01
4.944497542315933747e-01
4.944497542315933747e-01
4.944497542315933747e-01
4.944497542315933747e-01
4.944497542315933747e-01
4.944497542315933747e-01
4.944497542315933747e-01
4.944497542315933747e-01
4.944497542315933747e-01
4.944497542315933747e-01
4.944497542315933747e-01
4.944497542315933747e-01
4.944497542315933747e-01
4.944497542315933747e-01
4.944497542315933747e-01
4.944497542315933747e-01
4.944497542315933747e-01
4.944497542315933747e-01
4.944497542315933747e-01
4.944497542315933747e-01
4.944497542315933747e-01
4.944497542315933747e-01
4.944497542315933747e-01
4.944497542315933747e-01
4.944497542315933747e-01
4.944497542315933747e-01
4.944497542315933747e-01
4.944497542315933747e-01
4.944497542315933747e-01
4.944497542315933747e-01
4.944497542315933747e-01
4.944497542315933747e-01
4.944497542315933747e-01
4.944497542315933747e-01
4.944497542315933747e-01
4.944497542315933747e-01
4.944497542315933747e-01
4.944497542315933747e-01
4.944497542315933747e-01
4.944497542315933747e-01
4.944497542315933747e-01
4.944497542315933747e-01
4.944497542315933747e-01
4.944497542315933747e-01
4.944497542315933747e-01
4.944497542315933747e-01
5.756545714140404169e-01
7.006684756806120795e-01
8.393492736525833831e-01
9.870185136005282800e-01
1.131095387485623327e+00
1.253386574840545720e+00
1.336192909112572602e+00
1.398634524029493287e+00
1.576111671525239899e+00
1.774145451843738508e+00
1.954782348185777563e+00
2.077368455600738351e+00
2.133775316840410330e+00
2.357160207307338773e+00
2.661122310042381311e+00
2.760997889769077229e+00
2.853039308488368953e+00
2.952958293747901752e+00
3.150652285242080630e+00
3.426988373160362311e+00
3.737789079904556111e+00
3.853110766303539325e+00
3.942583082699775865e+00
4.185200006556510921e+00
4.457209185051918432e+00
4.633825018453597622e+00
4.808087251973152121e+00
4.928333297228813414e+00
5.166352428817749143e+00
5.477806085610390063e+00
5.783760990166664229e+00
5.920356424975395271e+00
6.028273620104790176e+00
6.257662630820274074e+00
6.574514868879318463e+00
6.825178604602813337e+00
6.995584497666358814e+00
7.106143868207931646e+00
7.389919359159469181e+00
7.603810110139846756e+00
7.829563326573372173e+00
7.971967420291900197e+00
7.982064483213425099e+00
8.199683184909821065e+00
8.520883673834800831e+00
8.649557237815857391e+00
8.625491359949112535e+00
8.661832081389427174e+00
8.878753098416328982e+00
9.106145890808106103e+00
9.197907291245460470e+00
9.245120964884758763e+00
9.297295827651023359e+00
9.508928655099868621e+00
9.646622546315192892e+00
9.781563959360122240e+00
9.808731497192383131e+00
9.716404706239700317e+00
9.913138141012192150e+00
9.991371000361443322e+00
9.984754400110244177e+00
1.007908383176326694e+01
1.011315307128429453e+01
1.023629248213767973e+01
1.035791122605800574e+01
1.039016075391769434e+01
1.039089421675205216e+01
1.038544534556865706e+01
1.047226718206405671e+01
1.047049688808917978e+01
1.060185288453102181e+01
1.059030641994476341e+01
1.052042817542552910e+01
1.055154300997257266e+01
1.061256400058269556e+01
1.059358841761350689e+01
1.061822655320167463e+01
1.061493740098476479e+01
1.058702971919774960e+01
1.062628421342372853e+01
1.068871607182025940e+01
1.062783390175104081e+01
1.071361986303329417e+01
1.065202638564109883e+01
1.072906221158504536e+01
1.076704630790948869e+01
1.076987677776813435e+01
1.075691388264894499e+01
1.074365313026905078e+01
1.074020756773948726e+01
1.075638627853393636e+01
1.073716847847700073e+01
1.079831124473810178e+01
1.075742677478790199e+01
1.079288530464172347e+01
1.069844212912321169e+01
1.075489072365760812e+01
1.071215543951988280e+01
1.073234373430013733e+01
1.069519048788547444e+01
1.068532362070083686e+01
1.067954747648239078e+01
1.064214841655492805e+01
1.063460460492372484e+01
1.057502514777183578e+01
1.062565571274757303e+01
1.060439050548076700e+01
1.056950872552394927e+01
1.059097966208457997e+01
1.062878578635454119e+01
1.062150308954715783e+01
1.068301182386875148e+01
1.079437498100996073e+01
1.086604882470369304e+01
1.109278396174907755e+01
1.133877011656761091e+01
1.167862674034833859e+01
1.183858746812343554e+01
1.207850713894367267e+01
1.216552737218141544e+01
1.159502925394177453e+01
1.119070742441415867e+01
1.151837147434353881e+01
1.168818231498599047e+01
1.131208037935495447e+01
1.106933113853931339e+01
1.096836823297143049e+01
1.133518191631436345e+01
1.171596686736345205e+01
1.182781165373325294e+01
1.122088396081924522e+01
1.105786209723353331e+01
1.122527187808752025e+01
1.146078956207036903e+01
1.150940731943845741e+01
1.170897275892496125e+01
1.184464670061469072e+01
1.196668999360203678e+01
1.190858892702460281e+01
1.170011209091544124e+01
1.171242733952999160e+01
1.162509556482136297e+01
1.195466113100648009e+01
1.197771967914700575e+01
1.186961494530439332e+01
1.159944927449822494e+01
1.212603820091485929e+01
1.209283878623247155e+01
1.228770795495510093e+01
1.203656826190352369e+01
1.220893257785439445e+01
1.238223603518009241e+01
1.241270580295324244e+01
1.228112743620276426e+01
1.228016620739698439e+01
1.229466236959695813e+01
1.265365177109837447e+01
1.274218818039894074e+01
1.267730852137803943e+01
1.293475475144982312e+01
1.295288661284446796e+01
1.314095599991083141e+01
1.315503868724107761e+01
1.338927003903985025e+01
1.301593073918223453e+01
1.331428631876707058e+01
1.327104095304608400e+01
1.325213137133121499e+01
1.337737900369763366e+01
1.331013966117501290e+01
1.311815367204546945e+01
1.318911127851009368e+01
1.360104600746631576e+01
1.369441000536680164e+01
1.364255149526000110e+01
1.404429081889390929e+01
1.387846210469603569e+01
1.414176202889680845e+01
1.436038316286802363e+01
1.448196590846776921e+01
1.464124640694856616e+01
1.448562668477892856e+01
1.468065983521938378e+01
1.501674405689239578e+01
1.531028645139932642e+01
1.530634329862594534e+01
1.516447673326432621e+01
1.526087603087425215e+01
1.581258577113896635e+01
1.594501584428250851e+01
1.580045231132507411e+01
1.590550039750337596e+01
1.576692325401306150e+01
1.651099264667034205e+01
1.655401423882842238e+01
1.641037169404029683e+01
1.654134260854721106e+01
1.656669692200422261e+01
1.734366268563270452e+01
1.727223083097934619e+01
1.733670451058745243e+01
1.762851592748165075e+01
1.749567183235883761e+01
1.832072007305622208e+01
1.835723361124992437e+01
1.818480086481571334e+01
1.830197480616569550e+01
1.845034080001711985e+01
1.886159663732647829e+01
1.904058944678306631e+01
1.935749057183265620e+01
1.925505254926681431e+01
1.933783181450366939e+01
2.017415294809937620e+01
1.993447962046861477e+01
2.006234633101820819e+01
2.014465345741510305e+01
1.987854813411831856e+01
2.031835104302167849e+01
2.054813873533010593e+01
2.036486088947057738e+01
2.051810721070766519e+01
2.080398676326274909e+01
2.158663889173269368e+01
2.155060895507335772e+01
2.178756849234104109e+01
2.162644850360751292e+01
2.150743641474246814e+01
2.237111084581613696e+01
2.242558528368472892e+01
2.228045986429452796e+01
2.228531834192276051e+01
2.236833247426748272e+01
2.336361615800857550e+01
2.331545244596600597e+01
2.344018887497186654e+01
2.330318112448453860e+01
2.353296483343243750e+01
2.433089688484668756e+01
2.435758479524254838e+01
2.433778397421836814e+01
2.428378543875813378e+01
2.425199978087544395e+01
2.488528680293559958e+01
2.496116751018762514e+01
2.505974172410964940e+01
2.504517693837881254e+01
2.509200021752715060e+01
2.579267643198966908e+01
2.555514976375102876e+01
2.595633535298108896e+01
2.595666766949891979e+01
2.613414514667391941e+01
2.686399887498617289e+01
2.714019009506106528e+01
2.726127066988349057e+01
2.737658606607913825e+01
2.742082295060157904e+01
2.821216109755039270e+01
2.822417807097435016e+01
2.827203017885684844e+01
2.850399390709400294e+01
2.884613826715946061e+01
3.010030258495807587e+01
3.020590204455852401e+01
2.995501442699432459e+01
3.021481573409437971e+01
3.012808665938377217e+01
3.121025591076612571e+01
3.145041538501381950e+01
3.090969125564098263e+01
3.124451972194909999e+01
3.133413087555766197e+01
3.198271241726875402e+01
3.203322919936179858e+01
3.246607596379518412e+01
3.214690144984722053e+01
3.242013246912956248e+01
3.298681085655689316e+01
3.327274063034057860e+01
3.336780519914626808e+01
3.331414187502264923e+01
3.341940718733668092e+01
3.396313071157932484e+01
3.414133598374724698e+01
3.425717973827123330e+01
3.398280735801458263e+01
3.475808428106307701e+01
3.563135691294669982e+01
3.556459124512672076e+01
3.594198361248970031e+01
3.584727714495658546e+01
3.599678238444328571e+01
3.652735112445354559e+01
3.640308750610351751e+01
3.630184801220893576e+01
3.675687549910545471e+01
3.691962865295410268e+01
3.767979804000854216e+01
3.751709712834357902e+01
3.737208709650039395e+01
3.769315155601501743e+01
3.752030713081359892e+01
3.846219676256179554e+01
3.808346862583160686e+01
3.855758643398284846e+01
3.836367365102768190e+01
3.816183836641311444e+01
3.869416940555572637e+01
3.854353062477111536e+01
3.879404736766814921e+01
3.891960504064559956e+01
3.869171001844406277e+01
3.952380401220321460e+01
3.942762452669143869e+01
3.917246671247482226e+01
3.890292638092041244e+01
3.927186644172668650e+01
4.016304008903503586e+01
3.994642728786468666e+01
4.017852142677307370e+01
3.987759732151031500e+01
3.980529259405135889e+01
4.050253040637969804e+01
4.031849774608612336e+01
4.052160114078521502e+01
4.027501745090484775e+01
4.050000919094085816e+01
4.147734048385620298e+01
4.084255185947418454e+01
4.106245905876159696e+01
4.106762578563689914e+01
4.124883259649276823e+01
4.219099936523437577e+01
4.197301229820251223e+01
4.217314642028808436e+01
4.226015204811096027e+01
4.193779256610870476e+01
4.259010031757354398e+01
4.194060002889633409e+01
4.195250904617309828e+01
4.234352830390930222e+01
4.202091754779815602e+01
4.260118358516692894e+01
4.274890308799743366e+01
4.278303527088165481e+01
4.286169551467895644e+01
4.280189244728088482e+01
4.323515245342254332e+01
4.322003375959396010e+01
4.321526428699493749e+01
4.336598226890563978e+01
4.334679430942535561e+01
4.352561131629943958e+01
4.364679241971969503e+01
4.354293448801040967e+01
4.334435115680694395e+01
4.326338022241592540e+01
4.397165391616821495e+01
4.354677147140503024e+01
4.381749898672104138e+01
4.393924928941726904e+01
4.406854464797973492e+01
4.465044157905578714e+01
4.418207071170807154e+01
4.441255310897827258e+01
4.394565560064315690e+01
4.411788166465759531e+01
4.437700714082718179e+01
4.456449733457565543e+01
4.436868887510299686e+01
4.468605668735504111e+01
4.424372465553283718e+01
4.498072504768371260e+01
4.483510912456512187e+01
4.490638121261596893e+01
4.507642989759445129e+01
4.521832854738235596e+01
4.579839334659576622e+01
4.561076471977234092e+01
4.587181406459808386e+01
4.607618047084808666e+01
4.596751460514068555e+01
4.656676992816925065e+01
4.680734712791442576e+01
4.651988336353301889e+01
4.661901659469604198e+01
4.652813710536956648e+01
4.723163315353393443e+01
4.731829988574981627e+01
4.669427798404693419e+01
4.692897186679839905e+01
4.689418435726165768e+01
4.748361847324371610e+01
4.748349866199493619e+01
4.758476914005279212e+01
4.742855536212920953e+01
4.743728964958190630e+01
4.794579303894042965e+01
4.783308208103179737e+01
4.824945552883148281e+01
4.830009362716674559e+01
4.833360753192901882e+01
4.886368148479461837e+01
4.853776018409728721e+01
4.891692142028808377e+01
4.881342670459747524e+01
4.847663772010803029e+01
4.893054926357269352e+01
4.897620423660278277e+01
4.933927180385589395e+01
4.889648827762604100e+01
4.866142253265380901e+01
4.958611148262023960e+01
4.960438801155090260e+01
4.946018305149078031e+01
4.956593020439147779e+01
4.969736175708770531e+01
5.004052065792083681e+01
5.053325149002075278e+01
5.055629002418518070e+01
5.117093452644348162e+01
5.066766747360229317e+01
5.138954252052307226e+01
5.154236298828124774e+01
5.073403868331909194e+01
5.150104080677032670e+01
5.113388706321716626e+01
5.166249808158874401e+01
5.166245162754059095e+01
5.149924773006438983e+01
5.197668003635406819e+01
5.194527286930084387e+01
5.241073845272064347e+01
5.257432356357574577e+01
5.237333360004424776e+01
5.263105140571594376e+01
5.285472308158874455e+01
5.330530389671325509e+01
5.346076313323974460e+01
5.330051727066040002e+01
5.350176147651672665e+01
5.325292408294677671e+01
5.368286574440002568e+01
5.372858306503295722e+01
5.373005347480773963e+01
5.379590139808654925e+01
5.374057515907287552e+01
5.430977492942810159e+01
5.398028782653808832e+01
5.378599907875061348e+01
5.342020118637084636e+01
5.378848952159881946e+01
5.429595164566040211e+01
5.420054071025848685e+01
5.402948995437622415e+01
5.451598704395293993e+01
5.436864986038207803e+01
5.492927669868469565e+01
5.486815277671814073e+01
5.471836335105896154e+01
5.443986044807434155e+01
5.497777651863098214e+01
5.545803484344482115e+01
5.578698058204651034e+01
5.559624580268859972e+01
5.510856856307983520e+01
5.513458017082214013e+01
5.497214623622894436e+01
5.514624560356140393e+01
5.529673258018493698e+01
5.555162565231323413e+01
5.514356653671264752e+01
5.595295972442627175e+01
5.543498121109008991e+01
5.515755785903930786e+01
5.493648247776031468e+01
5.571478593387603695e+01
5.623762260456085471e+01
5.588019329471588037e+01
5.589494004764556934e+01
5.513011635398864740e+01
5.565046739311218005e+01
5.566205057868957340e+01
5.616750476188659746e+01
5.655758793296813991e+01
5.614919298629760647e+01
5.628419318180084474e+01
5.637619592323303408e+01
5.652744880523681559e+01
5.686571547851562514e+01
5.659044419860839525e+01
5.667110176963806367e+01
5.703811333980560505e+01
5.635688976135254080e+01
5.680483233146667743e+01
5.725054676513671836e+01
5.751182242984771875e+01
5.811226211223602434e+01
5.797194851169586371e+01
5.669538672370910604e+01
5.788422986679076843e+01
5.767184282302856246e+01
5.829370809936523301e+01
5.799447828292846907e+01
5.808729980087280609e+01
5.819212047748565908e+01
5.792523971958160445e+01
5.852692655029296986e+01
5.816589457664489515e+01
5.819888732662200681e+01
5.822717395858764888e+01
5.920899990196227947e+01
5.999411743049621748e+01
5.929441126518249661e+01
5.980843474273681437e+01
5.949834887428283992e+01
5.969628092231750571e+01
5.965128030052184727e+01
5.956447327079772691e+01
6.021389592742919916e+01
6.093901659355163503e+01
6.039728221168518019e+01
6.133574442672729532e+01
6.184073822021484546e+01
6.179367393226623761e+01
6.137328536338806373e+01
6.147190305137634425e+01
6.193337305374145529e+01
6.242509191932678192e+01
6.206895926704406463e+01
6.157377546348571684e+01
6.193893144607543633e+01
6.286334158287048268e+01
6.306670613021850613e+01
6.204405509223938253e+01
6.246369809970855869e+01
6.226575547866821125e+01
6.309861774940490875e+01
6.235080176811218422e+01
6.250011085929870802e+01
6.226175664710998348e+01
6.213386149826050087e+01
6.172868670749664233e+01
6.221129032793044900e+01
6.195783625640869019e+01
6.284112673358917078e+01
6.211875690307617504e+01
6.284590789566040314e+01
6.184710932350158430e+01
6.238992763681411446e+01
6.231469775352478280e+01
6.249984238801002334e+01
6.339395675344466952e+01
6.336530513105392259e+01
6.336540430393218770e+01
6.240538135986328427e+01
6.221109557037353710e+01
6.215164431174993354e+01
6.123008623075484991e+01
6.278913801732063149e+01
6.215151566061973654e+01
6.228261616543531431e+01
6.333840466835498972e+01
6.304250108252763596e+01
6.188156367614269016e+01
6.288987727897167446e+01
6.332477209371328541e+01
6.422709082856178497e+01
6.379445903286934083e+01
6.456027930440902196e+01
6.456269905643462437e+01
6.437095296362637953e+01
6.503679063272475958e+01
6.457371110084056909e+01
6.523388426470756940e+01
6.514774370312690621e+01
6.475895250635147704e+01
6.483463766403198747e+01
6.531183442602157641e+01
6.564409467926024888e+01
6.508303661241531302e+01
6.531436794033049864e+01
6.557677989578246525e+01
6.598333140850067480e+01
6.526015066099166972e+01
6.548119975233078094e+01
6.581827239723205025e+01
6.594264073286056771e+01
6.652004963798522397e+01
6.600082140369414674e+01
6.596398193283080502e+01
6.650215720233917693e+01
6.637499715213775175e+01
6.669824781608581077e+01
6.660960305356979916e+01
6.618092282896041922e+01
6.678651055574417228e+01
6.722750157546997229e+01
6.667078676509856905e+01
6.668807888040542764e+01
6.687611269273757841e+01
6.705795035562515238e+01
6.813035058555603030e+01
6.767000588884353363e+01
6.757882630195616969e+01
6.683859374980926304e+01
6.718935611448287659e+01
6.742242693376540785e+01
6.781187597641944365e+01
6.685503214626312740e+01
6.731052677631377890e+01
6.723494664430617718e+01
6.753434937596321674e+01
6.714739327652453937e+01
6.718993393713235207e+01
6.769258539240360051e+01
6.793919000439643696e+01
6.734185339050293351e+01
6.776725715932846583e+01
6.755389200198649746e+01
6.763495619611740040e+01
6.768146775565146811e+01
6.791817032356262018e+01
6.809494020192623509e+01
6.771999909029007370e+01
6.814261552896499552e+01
6.691073516829014523e+01
6.673140338993071907e+01
6.682960549372434400e+01
6.718991197069883015e+01
6.616276212306023297e+01
6.721105840258597652e+01
6.688704183490276023e+01
6.703523257479668018e+01
6.697210768194199204e+01
6.667453354493379436e+01
6.731820283981561204e+01
6.752985796958208198e+01
6.743017932837008743e+01
6.748891137579678912e+01
6.784111341242790161e+01
6.691821738325357671e+01
6.689697994420528460e+01
6.705846075574159215e+01
6.587985741093754655e+01
6.743286400285958848e+01
6.661107848281859845e+01
6.634454941382408322e+01
6.669437012991905078e+01
6.655400857396722358e+01
6.684851917743682748e+01
6.676554329410791411e+01
6.664037714968920056e+01
6.682880903909206438e+01
6.710137423290609604e+01
6.697458847682476346e+01
6.727863131861687407e+01
6.773313927420377922e+01
6.729131875027418630e+01
6.754594845054150198e+01
6.767228445576429863e+01
6.768275855082274006e+01
6.814356522732377641e+01
6.815465819641947576e+01
6.819644019342661068e+01
6.806749318880439148e+01
6.812623499738573685e+01
6.878798126666545443e+01
6.860710158373713341e+01
6.847622172211409008e+01
6.863416990970372922e+01
6.814896165308356046e+01
6.863825068024992504e+01
6.851235582371950272e+01
6.837328424502611313e+01
6.857406465796827888e+01
6.870563933566212711e+01
6.923109676514268074e+01
6.898658466589451166e+01
6.920559303682446739e+01
6.923480235451758347e+01
6.858657128114104751e+01
6.913083772865832088e+01
6.925516910609006516e+01
6.927933992545008834e+01
6.925081983136534802e+01
6.942024135749042557e+01
7.011154367234706797e+01
6.996405917335152935e+01
7.001898988341092434e+01
6.949742125388384295e+01
6.997427849283813828e+01
6.982224257722496930e+01
7.066871271017193123e+01
7.045983372789621058e+01
7.093825167744755333e+01
6.984326108034252911e+01
7.014761693969964540e+01
7.041668475512265957e+01
7.065737212462424566e+01
7.043211189697385066e+01
7.020959493941069240e+01
7.046896675620078554e+01
6.997220058974623669e+01
7.040593425723314169e+01
7.021633623360395404e+01
6.941067302771210734e+01
7.009698944792747000e+01
7.027245019807219251e+01
6.959922617429792524e+01
6.967107500731647463e+01
6.950486089351772989e+01
6.999064947230517930e+01
6.976903560630678669e+01
7.020122832329570883e+01
6.976506301403641430e+01
6.943840632704495874e+01
7.021068394971490534e+01
7.032515524447262578e+01
6.953822345836758245e+01
6.966512121414541525e+01
7.024461753756999371e+01
7.057625060447453791e+01
7.012842053405046272e+01
7.074150426864623853e+01
7.014012372936009854e+01
7.092770632557272847e+01
7.064134131284356499e+01
7.156484453145264979e+01
7.073193166528344022e+01
7.177536966314315237e+01
7.124353173021077623e+01
7.191240504186750115e+01
7.144242872582077553e+01
7.196813539578914742e+01
7.161711193759441585e+01
7.212006754471063630e+01
7.291725786736607517e+01
7.308696569526195219e+01
7.274308087319731442e+01
7.225391992349028669e+01
7.164370931723713909e+01
7.239317189031839916e+01
7.104663263624310332e+01
7.207564173235893179e+01
7.151070306302308666e+01
7.166477530766725579e+01
7.182968759149312632e+01
7.227773412986994117e+01
7.183047208066582812e+01
7.194929010241925482e+01
7.230255402765274653e+01
7.275614137006104443e+01
7.264217003812790097e+01
7.337886893159746649e+01
7.258735380210876542e+01
7.251157909315227812e+01
7.326824934754669982e+01
7.302580125283003554e+01
7.263588277837038731e+01
7.382828558823466381e+01
7.365065258464812814e+01
7.436098656464517376e+01
7.355797992640137295e+01
7.452785605982542450e+01
7.453887026488185086e+01
7.360217149735987618e+01
7.377610985357760853e+01
7.452380350342988891e+01
7.411431614748239838e+01
7.454087860363722484e+01
7.461119995700120455e+01
7.513485653969048883e+01
7.506039183404445225e+01
7.462327377576828269e+01
7.514439107301235765e+01
7.502156962041854626e+01
7.539723359636067812e+01
7.528602324653863320e+01
7.528899167987108854e+01
7.469390117741822621e+01
7.530942367675304183e+01
7.559129961197376701e+01
7.506313169840574062e+01
7.527528826105594817e+01
7.543320789017677441e+01
7.503910942562818320e+01
7.497761536320447817e+01
7.546023257117271044e+01
7.562835692601204585e+01
7.466757960118054882e+01
7.525835027911662678e+01
7.558058925727009125e+01
7.567479916927814543e+01
7.573169373354912182e+01
7.504702669520378322e+01
7.533351887715458872e+01
7.557268961173892308e+01
7.540894332661032706e+01
7.572846061415076235e+01
7.528318239934444023e+01
7.505435076578260123e+01
7.554779549891948420e+01
7.576424823062420444e+01
7.601572390115261157e+01
7.531343892822265218e+01
7.564688754377364432e+01
7.638804285333156940e+01
7.643868365049361557e+01
7.683167767987251295e+01
7.644955643389225486e+01
7.638086056201457552e+01
7.696972194056510830e+01
7.692807223241328529e+01
7.732087248251437472e+01
7.664785348148346600e+01
7.652143604598045101e+01
7.714263012194633973e+01
7.704437073569297922e+01
7.777534926042557117e+01
7.757121341695786043e+01
7.769656183924675474e+01
7.808552435770035061e+01
7.805072877383231855e+01
7.724395769376754117e+01
7.816194281530380294e+01
7.771053142280578641e+01
7.839792084245681281e+01
7.780534878902435025e+01
7.814155588169097655e+01
7.817719202804565271e+01
7.805677215890884213e+01
7.886478167581557841e+01
7.827279587717056586e+01
7.835158186578750872e+01
7.842932125053405912e+01
7.921528593635558479e+01
7.991876641321182717e+01
7.902810807609557742e+01
