8.245331227560818987e-02
8.245331227560818987e-02
8.245331227560818987e-02
8.245331227560818987e-02
8.245331227560818987e-02
8.245331227560818987e-02
8.245331227560818987e-02
8.245331227560818987e-02
8.245331227560818987e-02
8.245331227560818987e-02
8.245331227560818987e-02
8.245331227560818987e-02
8.245331227560818987e-02
8.245331227560818987e-02
8.245331227560818987e-02
8.245331227560818987e-02
8.245331227560818987e-02
8.245331227560818987e-02
8.245331227560818987e-02
8.245331227560818987e-02
8.245331227560818987e-02
8.245331227560818987e-02
8.245331227560818987e-02
8.245331227560818987e-02
8.245331227560818987e-02
8.245331227560818987e-02
8.245331227560818987e-02
8.245331227560818987e-02
8.245331227560818987e-02
8.245331227560818987e-02
8.245331227560818987e-02
8.245331227560818987e-02
8.245331227560818987e-02
8.245331227560818987e-02
8.245331227560818987e-02
8.245331227560818987e-02
8.245331227560818987e-02
8.245331227560818987e-02
8.245331227560818987e-02
8.245331227560818987e-02
8.245331227560818987e-02
8.245331227560818987e-02
8.245331227560818987e-02
8.245331227560818987e-02
8.245331227560818987e-02
8.245331227560818987e-02
8.245331227560818987e-02
8.245331227560818987e-02
8.245331227560818987e-02
8.245331227560818987e-02
8.245331227560818987e-02
8.245331227560818987e-02
8.245331227560818987e-02
8.245331227560818987e-02
8.245331227560818987e-02
8.245331227560818987e-02
8.245331227560818987e-02
8.245331227560818987e-02
8.245331227560818987e-02
8.245331227560818987e-02
8.245331227560818987e-02
8.245331227560818987e-02
8.245331227560818987e-02
8.245331227560818987e-02
8.245331227560818987e-02
8.245331227560818987e-02
8.245331227560818987e-02
8.245331227560818987e-02
8.245331227560818987e-02
8.245331227560818987e-02
8.245331227560818987e-02
8.245331227560818987e-02
8.245331227560818987e-02
8.245331227560818987e-02
8.245331227560818987e-02
8.245331227560818987e-02
8.245331227560818987e-02
8.245331227560818987e-02
8.245331227560818987e-02
8.245331227560818987e-02
8.245331227560818987e-02
2.065796548330225135e-01
2.509987222445197452e-01
2.995525345467962564e-01
3.429554458872415279e-01
3.966203326907009052e-01
4.473513821484521036e-01
4.947373259432613635e-01
5.423486213700845493e-01
6.022618851585314070e-01
6.527933969274163362e-01
7.055274922166019369e-01
7.620849956542253834e-01
8.252444116082042758e-01
8.871250586647539960e-01
9.600687015675007929e-01
1.031990003853291205e+00
1.124297371358796926e+00
1.227216113752871651e+00
1.322644360758364224e+00
1.429017258684337044e+00
1.516740568286180535e+00
1.618999807108193689e+00
1.720362762808799850e+00
1.826349526366591425e+00
1.908234207318723286e+00
2.030737417732179306e+00
2.125712502537667969e+00
2.243348425871133589e+00
2.347893431273102571e+00
2.461929452461004253e+00
2.559110125699639138e+00
2.673446737989783273e+00
2.793310422831773554e+00
2.921108439642190913e+00
3.064678978317976199e+00
3.212538439798354961e+00
3.339867793774604632e+00
3.470389317047596123e+00
3.646315574467182241e+00
3.829623751854896341e+00
4.033285912835597564e+00
4.247435600090026853e+00
4.411509259998798171e+00
4.598585666406155070e+00
4.788094187188148609e+00
5.010623947918414700e+00
5.294651812267303193e+00
5.449849012279510241e+00
5.649397679662704341e+00
5.790940611624717960e+00
5.983595485138892833e+00
6.200925644445419493e+00
6.412989076662063859e+00
6.597197635698318408e+00
6.819276899242400880e+00
7.038099423408508137e+00
7.212016700553894211e+00
7.449375480937957761e+00
7.694235072278976517e+00
7.950680578947067367e+00
8.122332090330123933e+00
8.313674177074432237e+00
8.491902984285355060e+00
8.682059042549132855e+00
8.860096416473389525e+00
9.122392031860352191e+00
9.349585092449189005e+00
9.513385926389693381e+00
9.639888511180878083e+00
9.868406849765777977e+00
1.009753716354370034e+01
1.032944296455383260e+01
1.051925893721580429e+01
1.071971144542694176e+01
1.085751377167701648e+01
1.098503270754814132e+01
1.112589599838256760e+01
1.126088849864006036e+01
1.142236018614769044e+01
1.156879869608879119e+01
1.166235472545623786e+01
1.178898427052497944e+01
1.184465718817710922e+01
1.187118133611679127e+01
1.188611174006462079e+01
1.190012450127601618e+01
1.198408385238647433e+01
1.201649945406913744e+01
1.202545347275733967e+01
1.209582243857383688e+01
1.208935081663131683e+01
1.211917783513069224e+01
1.212732681241035415e+01
1.213422118582725595e+01
1.218096064875125961e+01
1.216993835105895982e+01
1.220455936102867156e+01
1.224394392089843819e+01
1.222831271619796745e+01
1.216467129464149544e+01
1.209066929297447146e+01
1.202514044425487505e+01
1.196539473278522436e+01
1.191806893887519792e+01
1.179291353921890284e+01
1.173295993766784662e+01
1.171369257726669311e+01
1.170512224605083418e+01
1.164439916541576459e+01
1.156913137094974431e+01
1.152684088435172960e+01
1.148951796030998196e+01
1.145819671771526416e+01
1.144508419654369291e+01
1.142161364681720670e+01
1.141900016579628030e+01
1.138837984735965669e+01
1.133868676116466467e+01
1.126041558783054342e+01
1.124043980174064572e+01
1.127427436702251384e+01
1.129555975546836777e+01
1.132275978889465406e+01
1.133895380671024355e+01
1.135679784660339386e+01
1.136059051287174171e+01
1.136989184842109601e+01
1.137816645588874742e+01
1.134946539530754173e+01
1.137065888581275885e+01
1.132836162805557301e+01
1.130207356033325183e+01
1.132028132534027165e+01
1.128003966243267087e+01
1.127936390335559835e+01
1.128967860033512061e+01
1.129069934177398693e+01
1.127959020290374781e+01
1.125404910264015257e+01
1.123297208790779145e+01
1.123701979634761727e+01
1.120788063919544264e+01
1.118380634450912403e+01
1.118948677673339809e+01
1.120455706808566987e+01
1.121859959623813552e+01
1.122074522294998111e+01
1.123839050295352848e+01
1.121723456761836957e+01
1.121012488124370599e+01
1.117509875237941763e+01
1.115583802123069823e+01
1.109871495535373676e+01
1.107314467613697140e+01
1.104580805163383417e+01
1.101914467070102610e+01
1.100601899800300565e+01
1.096318110108375521e+01
1.091159177556037818e+01
1.081705295119285637e+01
1.075254074316024777e+01
1.071480878162384087e+01
1.066317537660598802e+01
1.061102583673000410e+01
1.055377950165271805e+01
1.048348326790332763e+01
1.045041557893753037e+01
1.043715442569255814e+01
1.041569100556373684e+01
1.043308879952430779e+01
1.042986319043636279e+01
1.042070576682090710e+01
1.045265739901065771e+01
1.045038425779342717e+01
1.045570436933040703e+01
1.046270944314002982e+01
1.044931847152709992e+01
1.047795776278972646e+01
1.050147365472316707e+01
1.051507478022575448e+01
1.051730928452014879e+01
1.051583351049423243e+01
1.050336396889686519e+01
1.050175561664104507e+01
1.050964809510707809e+01
1.049212590775489851e+01
1.049336882352828937e+01
1.048184843137264188e+01
1.047954874362945610e+01
1.048758876230716730e+01
1.047857218852043104e+01
1.045885347371101304e+01
1.044010953018665333e+01
1.043853292212486217e+01
1.041941805448532143e+01
1.038539462594985885e+01
1.036718405590057301e+01
1.034788883419036942e+01
1.036263377816677078e+01
1.036185364806652132e+01
1.032633716645240796e+01
1.028808062732219675e+01
1.024702390801906660e+01
1.020129759073257425e+01
1.018245494964122777e+01
1.019174613823890674e+01
1.020345941367149400e+01
1.020529507377147738e+01
1.021035440979003894e+01
1.020027205121517255e+01
1.019721760830879198e+01
1.019263104557991007e+01
1.017592117621898673e+01
1.018054120881557445e+01
1.018764613709449840e+01
1.019150280177593260e+01
1.021000504436492839e+01
1.021846648821830783e+01
1.025382673504352482e+01
1.027707144668102224e+01
1.028662383341789166e+01
1.029551986088752713e+01
1.032198223350048139e+01
1.032570225267410358e+01
1.031663841972351037e+01
1.033808627653121981e+01
1.033969455726146691e+01
1.034848013403415656e+01
1.036796641762256677e+01
1.036761143994331391e+01
1.038380584383010863e+01
1.039358628962039965e+01
1.039961247231960328e+01
1.041745614216327631e+01
1.041044042176008233e+01
1.039911936742067411e+01
1.040126509523391718e+01
1.039775292855501121e+01
1.038793417192697532e+01
1.040518491863012329e+01
1.044652098394632311e+01
1.058445079603195182e+01
1.069033633617162771e+01
1.091520014374256142e+01
1.092489995558261917e+01
1.089324015890359831e+01
1.079131202416419910e+01
1.079322942317724277e+01
1.079961785453557965e+01
1.075656953778266889e+01
1.073790181715488501e+01
1.060730399922132428e+01
1.060096328297853496e+01
1.068732920776605688e+01
1.066055645319223366e+01
1.066406138541698390e+01
1.072405161050558142e+01
1.058160068925619157e+01
1.050711824073791512e+01
1.048925673097371991e+01
1.042426402708291988e+01
1.026626630991697375e+01
1.017897079849243092e+01
1.012964430986642839e+01
1.013084904263019581e+01
1.015727090442180547e+01
1.012059715224504508e+01
1.002543523874282805e+01
9.968391019952298038e+00
9.894400870299339346e+00
9.861877986001967855e+00
9.832750607180594571e+00
9.846261260604858734e+00
9.885149089646338538e+00
9.936806235742569271e+00
9.994637044811248927e+00
1.001811450476646392e+01
1.000212553570270479e+01
1.006667541000843080e+01
1.013318248798847243e+01
1.024827210683822720e+01
1.026172861485481214e+01
1.027765407006740617e+01
1.034562098362445859e+01
1.034024652111530251e+01
1.027969878115654012e+01
1.016320256837606451e+01
1.009490601074695526e+01
1.000546361477375079e+01
9.944091756558417927e+00
9.880470729660988383e+00
9.813287189292907442e+00
9.769038943529128716e+00
9.651429073190689323e+00
9.589991627562046261e+00
9.495658453238011276e+00
9.432809420943259582e+00
9.341643351852892962e+00
9.261861378180981319e+00
9.146429676103592143e+00
9.091167173337936447e+00
9.065671333456039704e+00
9.041011393630505211e+00
8.980400947928428579e+00
8.956452479171753467e+00
8.938665237796307395e+00
8.936729695641995264e+00
8.920262044012545743e+00
8.798352641904354954e+00
8.749288734471797113e+00
8.708644445836544179e+00
8.599152030909062105e+00
8.533789940786361328e+00
8.535200833725928860e+00
8.505873065805435118e+00
8.480719944167137925e+00
8.488879380774497108e+00
8.497846358430384939e+00
8.485186697173118020e+00
8.471141440761089214e+00
8.472454518103599952e+00
8.447496930384636116e+00
8.440425280940532460e+00
8.459510606992244774e+00
8.504966585969924608e+00
8.550692740893364174e+00
8.580472900950908866e+00
8.582881407082080472e+00
8.589069552671908525e+00
8.580985899853706300e+00
8.584205165696143780e+00
8.559892224419117568e+00
8.539611761909723597e+00
8.525500828552246446e+00
8.532024867284297542e+00
8.519737740451096997e+00
8.454313326525687344e+00
8.423034147089719426e+00
8.422455994796752776e+00
8.413523102033138912e+00
8.373659039294720330e+00
8.331692270320653293e+00
8.311943175446987908e+00
8.298048405563831054e+00
8.308251670008898415e+00
8.325314560103416639e+00
8.308013030052185499e+00
8.254613201421499014e+00
8.224738909864425906e+00
8.210444710135460511e+00
8.197397122794390256e+00
8.189915767991543305e+00
8.175751853036880235e+00
8.191422150546312508e+00
8.195497622549533290e+00
8.188149349981546976e+00
8.159114248859882679e+00
8.133069271349906870e+00
8.127600214642285437e+00
8.122141339385509085e+00
8.105407469320297764e+00
8.090369860172271999e+00
8.087857898616791275e+00
8.099655558955669576e+00
8.098413089108467133e+00
8.102632880729437659e+00
8.107582035517692631e+00
8.101833562773466113e+00
8.099597987061738280e+00
8.096611816513538784e+00
8.103763084173202458e+00
8.095924855494498473e+00
8.090795167356729323e+00
8.086301522314547796e+00
8.081789187192917723e+00
8.082558799135684424e+00
8.084401626259088758e+00
8.069285029935837628e+00
8.055829306262731748e+00
8.043165968346595918e+00
8.027218598222733092e+00
8.023676075387001561e+00
8.010924061518908346e+00
7.993892345795035048e+00
7.985395611447096087e+00
7.974491993337869289e+00
7.959417219835519752e+00
7.959310929533839563e+00
7.957096382474899698e+00
7.951212889158726149e+00
7.950793216031789790e+00
7.950918783813714974e+00
7.948988133126497324e+00
7.955670486202835789e+00
7.962097231584787771e+00
7.971838568121194513e+00
7.996711731582879956e+00
8.005570011436939026e+00
8.019147865891456561e+00
8.025187745624780433e+00
8.049208344489336753e+00
8.061520172524451411e+00
8.075721110343932807e+00
8.082971967816352077e+00
8.093922413700818552e+00
8.090425922185183083e+00
8.087862791442871568e+00
8.086799157315493147e+00
8.078012193185090339e+00
8.067867087376118462e+00
8.054263821601868045e+00
8.030825857180357019e+00
8.011184679758548199e+00
7.990506294384598363e+00
7.969794310182333419e+00
7.950673077425360447e+00
7.938997988432645592e+00
7.933638767349719956e+00
7.923794031357765277e+00
7.920844501823187223e+00
7.916638737854361452e+00
7.927364388406276774e+00
7.917724409720301892e+00
7.915662521365284476e+00
7.905481643584370666e+00
7.896619369298219837e+00
7.881862026092409934e+00
7.882406820902228439e+00
7.866340063929557758e+00
7.859108748131990119e+00
7.856403573358059056e+00
7.859805225545168028e+00
7.863553584849834799e+00
7.862478752443194274e+00
7.861690218412876519e+00
7.861360058611631452e+00
7.865713238131999852e+00
7.864700555491447531e+00
7.873481730833649550e+00
7.889522574457526360e+00
7.894715030696987768e+00
7.898867302200198282e+00
7.913028486284613194e+00
7.908130302619934326e+00
7.916754147639871064e+00
7.910848288580774934e+00
7.904126305282115794e+00
7.912030439367890189e+00
7.915525219845771510e+00
7.924596490505337876e+00
7.938680445313453404e+00
7.951309178256988908e+00
7.980489264947175698e+00
7.980888842138647910e+00
7.989037772914767466e+00
7.981234097456932020e+00
7.984797522205114184e+00
7.991586000785231292e+00
7.986493050912022440e+00
7.980821525940299033e+00
7.977010645812749878e+00
7.984378103479743416e+00
7.993426131206750718e+00
7.995358740445971613e+00
8.004897520846128600e+00
8.012872231253981070e+00
8.029453147298097448e+00
8.021551935765147689e+00
8.019806660145521349e+00
8.001303538562357431e+00
8.001219129791856233e+00
7.993341198939084791e+00
7.983212576848268682e+00
7.981243169298767981e+00
7.975377409210801183e+00
7.974041831415891401e+00
7.983846950045228041e+00
7.995554322767257638e+00
7.997503391218184987e+00
8.009763218769430537e+00
8.021077210503817057e+00
8.020078162032366009e+00
8.024806674665212469e+00
8.023673093688488578e+00
8.029960834473371278e+00
8.066659971538186369e+00
8.085500070905684566e+00
8.095921172472834826e+00
8.104088048803806288e+00
8.117980304381251955e+00
8.124363974690437473e+00
8.115729305979609620e+00
8.108371312773227757e+00
8.102433713924884984e+00
8.080680946266651787e+00
8.087162357382476685e+00
8.102400036889314094e+00
8.085872676484287425e+00
8.070187114362418868e+00
8.061122389023006818e+00
8.054163302443921424e+00
8.040337334920465651e+00
8.024776840148867052e+00
8.029350712212920627e+00
8.025716074724495996e+00
8.016516767199338034e+00
8.011965787479281786e+00
8.020816573914885339e+00
8.024206608974933985e+00
8.039522007292509542e+00
8.055916620367765901e+00
8.051423553332686112e+00
8.064627751645446097e+00
8.069608851549029183e+00
8.072252826221287592e+00
8.086150441257656141e+00
8.089171241717041383e+00
8.091080444738269151e+00
8.108316959172487515e+00
8.122637577661871333e+00
8.139872852306067941e+00
8.151008264978230500e+00
8.145833321030437446e+00
8.144682425178586982e+00
8.150874377900361623e+00
8.134076295441388993e+00
8.114174173454939520e+00
8.111426849225162883e+00
8.094128705687820613e+00
8.087126921769977272e+00
8.077349395844340307e+00
8.087983908510208764e+00
8.089932431234419852e+00
8.103444455096125765e+00
8.108205334959924571e+00
8.134094504626094846e+00
8.157624525535107196e+00
8.161962173910438878e+00
8.174848881413042889e+00
8.204715340332686679e+00
8.197144719254970013e+00
8.209907244637609125e+00
8.207581629070640261e+00
8.210285449273884595e+00
8.209165201081335184e+00
8.200705043354631130e+00
8.181498760500550915e+00
8.177205952155590651e+00
8.188734375278651001e+00
8.195294794198870747e+00
8.190487476117908727e+00
8.194897186540067935e+00
8.193680320918559801e+00
8.194259777586161420e+00
8.193387144906818520e+00
8.177316387353837257e+00
8.168872211912274750e+00
8.167097118794918842e+00
8.179086797253788177e+00
8.192055201105773676e+00
8.198995563048123714e+00
8.212712391875683693e+00
8.216846011929213489e+00
8.234224216175078936e+00
8.247131036564708140e+00
8.257209064328669967e+00
8.275934023965895392e+00
8.280075345349311888e+00
8.289527935951948479e+00
8.322120618259907232e+00
8.312843499095738053e+00
8.333863099992274925e+00
8.360800228278339574e+00
8.381916318212448758e+00
8.391044935901463830e+00
8.390165063618123753e+00
8.403624402087926271e+00
8.435181326508521593e+00
8.387613617888092676e+00
8.384749730248749700e+00
8.346073686364293920e+00
8.345692861521243344e+00
8.324584970463812184e+00
8.342001251669227457e+00
8.360589725917577653e+00
8.383787335564196752e+00
8.396527643978595634e+00
8.399019979368150146e+00
8.393757301512360769e+00
8.326391396628320507e+00
8.326683710509538372e+00
8.368978954820335048e+00
8.395584790675341580e+00
8.451784018492698891e+00
8.540076137878001461e+00
8.539701187738776511e+00
8.489764563629030647e+00
8.463922404113411346e+00
8.473409893284738814e+00
8.526270974388719281e+00
8.573809661549329775e+00
8.615198182134330196e+00
8.679919893480837700e+00
8.742664867833257247e+00
8.713064860594272432e+00
8.699241937775909150e+00
8.649527445629239253e+00
8.602130133683980162e+00
8.653804834797979240e+00
8.689646604298054910e+00
8.720770451270043466e+00
8.792175457832216878e+00
8.858850913536548077e+00
8.902972156718373498e+00
8.966970396214723138e+00
8.964451920846103761e+00
9.012274906828999121e+00
9.005820643630624289e+00
9.037035823759437037e+00
9.076057614597678125e+00
9.101523694735766057e+00
9.054191084057093164e+00
8.971302709650993634e+00
8.901079167053103092e+00
8.882575808760524438e+00
8.895110787215829262e+00
8.934377697214484826e+00
8.957174304401874565e+00
8.994675532218813885e+00
9.082337658908963718e+00
9.102374628099799025e+00
9.083433719328045441e+00
9.016632558090984517e+00
8.964533394715189729e+00
8.889597172817587989e+00
8.858651168452203351e+00
8.822662221707403774e+00
8.791493228617310862e+00
8.783013206933437900e+00
8.777755656537413742e+00
8.833729169389606284e+00
8.817483851358295155e+00
8.846906461308895686e+00
8.843378807502984884e+00
8.752003515914083209e+00
8.687113049510120533e+00
8.630864519506692645e+00
8.576421463963390224e+00
8.549348917272686421e+00
8.545303536495566732e+00
8.524516243785619452e+00
8.531940013897418851e+00
8.525439541801810961e+00
8.500900408765673433e+00
8.526003135401010624e+00
8.546968152309954547e+00
8.567305592679977266e+00
8.615788314366341183e+00
8.879355581343174819e+00
9.006585954482853040e+00
9.187702087469398649e+00
9.679942110767960628e+00
9.989296989381314162e+00
1.048467736167907738e+01
1.111642598420381489e+01
1.164883452091217109e+01
1.232740361669063489e+01
1.316052708373069713e+01
1.377535487232208311e+01
1.435468252224922203e+01
1.487645821037292393e+01
1.531780778403282106e+01
1.564587285830974572e+01
1.624185827264785686e+01
1.679902060236930694e+01
1.731716903834342958e+01
1.793465596294403142e+01
1.816130514922141970e+01
1.887640668921470777e+01
1.950000375299453736e+01
2.010139449310302595e+01
2.082744315581321715e+01
2.158677532320022507e+01
2.227355580096244836e+01
2.294978644847869731e+01
2.371806100697517294e+01
2.436757443013191349e+01
2.495341753926277306e+01
2.559562587833404379e+01
2.624755238051414352e+01
2.699752634744644197e+01
2.781060085372924817e+01
2.845871984786987241e+01
2.922055127305984357e+01
2.996199793119430410e+01
3.057703329048156604e+01
3.113917578935622998e+01
3.187051670942306458e+01
3.249377660322189598e+01
3.291903181028366276e+01
3.356522010688781421e+01
3.415928718547821319e+01
3.475931473445892550e+01
3.530260541381836248e+01
3.559869461612701258e+01
3.601236084861755415e+01
3.648338659248351945e+01
3.698379565086364806e+01
3.767386128273010115e+01
3.818771769161224228e+01
3.883495076045989691e+01
3.942469090270996190e+01
3.988862404861450273e+01
4.040723654708862256e+01
4.080171697711944745e+01
4.135951551856994968e+01
4.185249076347351149e+01
4.242322879714965467e+01
4.281097051124572772e+01
4.335963377323150780e+01
4.379401760921478370e+01
4.421685116977691621e+01
4.450944498119353909e+01
4.474701780853271771e+01
4.497909677925110117e+01
4.522845256023406790e+01
4.555177436771392507e+01
4.585790387687683278e+01
4.594523925895691008e+01
4.631396592502593990e+01
4.652851833477020449e+01
4.675284594097137614e+01
4.680198316421508764e+01
4.712696529197692996e+01
4.728580791454314891e+01
4.750562940921783195e+01
4.792357630081176723e+01
4.841986625061035454e+01
4.875424726696014233e+01
4.910208456516265585e+01
4.946853441390991435e+01
4.975859676151275579e+01
4.997024946937560941e+01
5.024743860664367645e+01
5.060512491455077821e+01
5.091486353721618485e+01
5.121459423122406207e+01
5.155305455112457480e+01
5.188529324111938479e+01
5.196374168128967597e+01
5.215600271663665666e+01
5.226680377902984276e+01
5.186677060394286798e+01
5.216689369468689108e+01
5.236479168548584084e+01
5.263035588569641021e+01
5.297586093482971137e+01
5.320696436805724971e+01
5.374752479381561443e+01
5.432928472270965869e+01
5.508483523178100683e+01
5.592196657752990774e+01
5.622906867561340505e+01
5.663563219490050926e+01
5.696013439216613961e+01
5.741473975677489960e+01
5.777321617851256974e+01
5.807100859947204441e+01
5.850490816764831692e+01
5.872859570083618053e+01
5.903950215110778998e+01
5.928992961578369147e+01
5.955830458946228134e+01
5.978030374603271468e+01
5.992403879203796180e+01
6.023353399353027271e+01
6.044613633537292685e+01
6.055506310234069645e+01
6.072725799903869870e+01
6.096132212562560682e+01
6.112931627273559343e+01
6.142106630630492958e+01
6.167082680358886648e+01
6.200168796653747449e+01
6.230289689254760788e+01
6.259701778259277205e+01
6.289984968338012550e+01
6.327352675514221403e+01
6.343847044296264670e+01
6.357122399215698039e+01
6.386892437400818068e+01
6.409500664062500164e+01
6.440069562454223728e+01
6.457579830589294545e+01
6.479839092979430859e+01
6.500421902885436509e+01
6.525602101020812995e+01
6.553534609374999320e+01
6.564136184349059988e+01
6.586976443939208536e+01
6.606865759468078636e+01
6.622324056663512692e+01
6.637847655220031129e+01
6.653678276176452755e+01
6.662286314926147668e+01
6.677002607803345313e+01
6.691084355583190302e+01
6.692592595252990861e+01
6.707465458564757910e+01
6.716036557083130276e+01
6.711499756393432392e+01
6.719419444160460841e+01
6.737676321449279726e+01
6.775330447158813740e+01
6.787783945655823459e+01
6.814106483230591493e+01
6.824132222824096061e+01
6.832505301818846988e+01
6.849308368644715017e+01
6.874259170608520719e+01
6.873961287193297665e+01
6.904382247467040656e+01
6.923518106613158807e+01
6.957347825813293696e+01
6.987498245964050625e+01
7.024396151847840031e+01
7.055501796150207383e+01
7.106416565895079884e+01
7.152196847572326988e+01
7.170365551376342239e+01
7.199767831382752092e+01
7.209162973709106836e+01
7.189438254394531214e+01
7.274185022506713949e+01
7.302745280265807537e+01
7.346080410346985445e+01
7.384778408164977748e+01
7.349218652496337256e+01
7.354102291450500672e+01
7.445666172027587493e+01
7.541434882354735691e+01
7.692734174232482758e+01
7.810962734756469672e+01
7.894924272956848199e+01
7.987598934211730750e+01
8.065951577148437934e+01
8.063921236877440890e+01
8.198159650306700996e+01
8.213861022644043430e+01
8.249141741371154524e+01
8.166709226722717574e+01
8.192617619209289614e+01
8.219561123542786163e+01
8.141529368972778968e+01
8.085632940883635911e+01
8.025048329277038306e+01
7.967742979869842657e+01
7.886880797214507766e+01
7.826265834579467651e+01
7.805408987293243683e+01
7.764845670928954746e+01
7.798601946582793687e+01
7.806535561599731921e+01
7.853962352542876602e+01
7.879612752799987163e+01
7.904249551696777587e+01
7.901673576698303236e+01
7.918367551574706908e+01
7.910746850166320598e+01
7.965012080173492848e+01
8.018925047073363999e+01
8.042790652618408842e+01
8.086464863204956544e+01
8.169941628112792387e+01
8.218900515098572157e+01
8.307863845329285368e+01
8.406903587570189984e+01
8.506378545188903217e+01
8.596270419692993414e+01
8.662583964691161498e+01
8.717080011444092236e+01
8.749570812034606604e+01
8.841446926231384396e+01
8.841874719886779133e+01
8.879138696784973206e+01
8.910748141136168954e+01
8.932529980087279853e+01
8.963613227386474591e+01
8.950560218162536330e+01
8.936691252822876663e+01
8.956659122161865128e+01
8.970538810920714923e+01
8.948140186271668028e+01
8.961090896759033342e+01
8.990397898979186664e+01
9.035631866493224607e+01
9.023642673454284591e+01
9.042476354827880414e+01
9.056642509765624993e+01
9.086106553955077914e+01
9.110508360977172515e+01
9.119419840240477981e+01
9.086424301376342783e+01
9.094995055160522668e+01
9.105212028923034495e+01
9.131937699317931845e+01
9.146351163864136424e+01
9.153672995948791424e+01
9.168971298713684348e+01
9.206552810974120860e+01
9.229828703689575775e+01
9.243672448959350163e+01
9.277032069511413681e+01
9.296802650070191021e+01
9.306291086654663047e+01
9.341357347488403207e+01
9.348771333427428942e+01
9.359501234016418891e+01
9.349996888961791797e+01
