5.761734314824454861e-01
5.761734314824454861e-01
5.761734314824454861e-01
5.761734314824454861e-01
5.761734314824454861e-01
5.761734314824454861e-01
5.761734314824454861e-01
5.761734314824454861e-01
5.761734314824454861e-01
5.761734314824454861e-01
5.761734314824454861e-01
5.761734314824454861e-01
5.761734314824454861e-01
5.761734314824454861e-01
5.761734314824454861e-01
5.761734314824454861e-01
5.761734314824454861e-01
5.761734314824454861e-01
5.761734314824454861e-01
5.761734314824454861e-01
5.761734314824454861e-01
5.761734314824454861e-01
5.761734314824454861e-01
5.761734314824454861e-01
5.761734314824454861e-01
5.761734314824454861e-01
5.761734314824454861e-01
5.761734314824454861e-01
5.761734314824454861e-01
5.761734314824454861e-01
5.761734314824454861e-01
5.761734314824454861e-01
5.761734314824454861e-01
5.761734314824454861e-01
5.761734314824454861e-01
5.761734314824454861e-01
5.761734314824454861e-01
5.761734314824454861e-01
5.761734314824454861e-01
5.761734314824454861e-01
5.761734314824454861e-01
5.761734314824454861e-01
5.761734314824454861e-01
5.761734314824454861e-01
5.761734314824454861e-01
5.761734314824454861e-01
5.761734314824454861e-01
5.761734314824454861e-01
5.761734314824454861e-01
5.761734314824454861e-01
5.761734314824454861e-01
5.761734314824454861e-01
5.761734314824454861e-01
5.761734314824454861e-01
5.761734314824454861e-01
5.761734314824454861e-01
5.761734314824454861e-01
5.761734314824454861e-01
5.761734314824454861e-01
5.761734314824454861e-01
5.761734314824454861e-01
5.761734314824454861e-01
5.761734314824454861e-01
5.761734314824454861e-01
5.761734314824454861e-01
5.761734314824454861e-01
5.761734314824454861e-01
5.761734314824454861e-01
5.761734314824454861e-01
5.761734314824454861e-01
5.761734314824454861e-01
5.761734314824454861e-01
5.761734314824454861e-01
5.761734314824454861e-01
5.761734314824454861e-01
5.761734314824454861e-01
5.761734314824454861e-01
5.761734314824454861e-01
5.761734314824454861e-01
5.761734314824454861e-01
5.761734314824454861e-01
5.761734314824454861e-01
5.761734314824454861e-01
5.761734314824454861e-01
5.761734314824454861e-01
5.761734314824454861e-01
5.761734314824454861e-01
5.761734314824454861e-01
5.761734314824454861e-01
5.761734314824454861e-01
5.761734314824454861e-01
5.761734314824454861e-01
5.761734314824454861e-01
5.761734314824454861e-01
5.761734314824454861e-01
5.761734314824454861e-01
5.761734314824454861e-01
5.761734314824454861e-01
5.761734314824454861e-01
5.761734314824454861e-01
5.761734314824454861e-01
5.761734314824454861e-01
5.761734314824454861e-01
5.761734314824454861e-01
5.761734314824454861e-01
5.761734314824454861e-01
5.761734314824454861e-01
5.761734314824454861e-01
6.092030873606912866e-01
8.935675879552960055e-01
1.181333927249908378e+00
1.452517753332853268e+00
1.759542793554067508e+00
2.132754776179790479e+00
2.465830042088031693e+00
2.821862538146972632e+00
3.213787302672863166e+00
3.710770452117920115e+00
4.193969318985939054e+00
4.679611521697044196e+00
5.168020835423469350e+00
5.614545530033111298e+00
6.076244111394882630e+00
6.525060608053207645e+00
6.901692041492462515e+00
7.189466120600700449e+00
7.433007227444648812e+00
7.686855278348923015e+00
7.855632644653320007e+00
7.965741506338119393e+00
8.111751665043831494e+00
8.229462356400489398e+00
8.268687015557288689e+00
8.439836455106735968e+00
8.506440793800354783e+00
8.560354740309715993e+00
8.634139591312408157e+00
8.690478767085075162e+00
8.729433722400665729e+00
8.729095979905128644e+00
8.775737314105032993e+00
8.740896500968933225e+00
8.712583408951759978e+00
8.662499031019210705e+00
8.563568270254135584e+00
8.475044940233230406e+00
8.377271119689941870e+00
8.359181477022170625e+00
8.382243029880523721e+00
8.305865176820754314e+00
8.286876609230041879e+00
8.334861347925663466e+00
8.301440354871749250e+00
8.283613670659065065e+00
8.235495427036285676e+00
8.126226772665978260e+00
8.075891715860366915e+00
8.046356610369683082e+00
8.007958251857758114e+00
7.955597032570838500e+00
7.983709407198428920e+00
8.001368866598605578e+00
8.033086031377315805e+00
8.050460963726044028e+00
8.084530087113380503e+00
8.055676661086081936e+00
8.042663381624221230e+00
8.038515463781356729e+00
8.017450087076426257e+00
7.965128936463594655e+00
7.884264061295986004e+00
7.804340952253341790e+00
7.799640713167190320e+00
7.821571251344680675e+00
7.829645261585712390e+00
7.880124802815914542e+00
7.919300509750843098e+00
7.933550716221332344e+00
7.933774866080284482e+00
7.954136043667793032e+00
8.007370004832743859e+00
8.046731988465786856e+00
8.090891503441334009e+00
8.108449603080750023e+00
8.161308325743675596e+00
8.116206759929657011e+00
8.210828485989571490e+00
8.630985065162182224e+00
8.734118465781211427e+00
9.103594486707448752e+00
9.693420837968588444e+00
1.017259696438312488e+01
1.080949535769820180e+01
1.139054580311775133e+01
1.143737580431103673e+01
1.133868091359138575e+01
1.175083138986826015e+01
1.135301306555271061e+01
1.111432917475700322e+01
1.088422430897951187e+01
1.085361270036697334e+01
1.108815415140390392e+01
1.104150856096744526e+01
1.105696297039985687e+01
1.068493382578492223e+01
1.054426460626125284e+01
1.034865666148662555e+01
1.004240653269290995e+01
1.014636924896240266e+01
1.009652056229114514e+01
1.015757754833698279e+01
1.028234106721282082e+01
1.019934367243051554e+01
1.022033728208541881e+01
1.032649694145917962e+01
1.024580729717612293e+01
1.003449615752696999e+01
1.014052712391614897e+01
1.033867812121510532e+01
1.053371028205156357e+01
1.073997573475837619e+01
1.092606647026538802e+01
1.152805751419067448e+01
1.189763981180191088e+01
1.220144612796306660e+01
1.242488530993461637e+01
1.281759733762741149e+01
1.305113444192409489e+01
1.346797740788459841e+01
1.377755872068405196e+01
1.397214926421642289e+01
1.419178022577762555e+01
1.467439071180820420e+01
1.500275876712799139e+01
1.517811483992338140e+01
1.542396505963802333e+01
1.536269543316364228e+01
1.544046316347122172e+01
1.575638048725128115e+01
1.620099417233467065e+01
1.632674962887763925e+01
1.662983068146705534e+01
1.664559159564971935e+01
1.665440810551643480e+01
1.667351889164447698e+01
1.687243869845867295e+01
1.693258681168556379e+01
1.695974833191037234e+01
1.707603652871847189e+01
1.757527847886085581e+01
1.743366367238759906e+01
1.769896120152473529e+01
1.774391484916210260e+01
1.783573285694122390e+01
1.772326691551208455e+01
1.757694052281379626e+01
1.774147200155258020e+01
1.780049637122154138e+01
1.783230610179901277e+01
1.784661237435340908e+01
1.791651250548362739e+01
1.786165801846981083e+01
1.783524529781341528e+01
1.789017883257865904e+01
1.815829773340225373e+01
1.824654200818538641e+01
1.826306554017066830e+01
1.836526120104789683e+01
1.854791988601684594e+01
1.847156777851581566e+01
1.839122224497794988e+01
1.844837903776168986e+01
1.873297162261009063e+01
1.891334157819747830e+01
1.897872158145904464e+01
1.899736835637092724e+01
1.917381408920288166e+01
1.922522659296989289e+01
1.937889561429023644e+01
1.935400141286849873e+01
1.950518368644714329e+01
1.950160718731880038e+01
1.947393850119113878e+01
1.943493090367317322e+01
1.948325537555217579e+01
1.955672817344665404e+01
1.955550663866996786e+01
1.953595874729156634e+01
1.942984921512603691e+01
1.941829834122657772e+01
1.949177455182075391e+01
1.941839989657401944e+01
1.954599308919906520e+01
1.955079445900917179e+01
2.003462468318939216e+01
1.997485406107902506e+01
1.996417906174659862e+01
1.981005283069610456e+01
1.928245501675605666e+01
1.947029470052719091e+01
1.906762318224906849e+01
1.876601087396144862e+01
1.869746637387275712e+01
1.854281803858280142e+01
1.841557987799644636e+01
1.844625969724654979e+01
1.894612673897743349e+01
1.904783248476982038e+01
1.923640011329650790e+01
1.937572513160705512e+01
1.940835456342697185e+01
1.937051911697387752e+01
1.932012720394134675e+01
1.950367242670059298e+01
1.935963196763992400e+01
1.937723263168334853e+01
1.930697666587829531e+01
1.937245105571746961e+01
1.964190576143264622e+01
1.970434910821914798e+01
1.969197680463791045e+01
1.974321446943283220e+01
1.966345872869491629e+01
1.989403771934509280e+01
1.988323990087509330e+01
1.978388587141036936e+01
1.994148797512054472e+01
1.989052717714309537e+01
1.993624910726547128e+01
1.993821837196350089e+01
1.984834767456054649e+01
1.990181776638031153e+01
2.001023756399154507e+01
1.979337588663101144e+01
1.998058885536193685e+01
2.028454454240798910e+01
2.055595177440643440e+01
2.035663328199386513e+01
2.022691818284988230e+01
1.988697503919601317e+01
1.968976644825935196e+01
1.941400421009063848e+01
1.961944008278846852e+01
1.989642436027526884e+01
1.970873377223014700e+01
1.967760549440383855e+01
1.960951987915039041e+01
1.996258765468597574e+01
2.000109111166000275e+01
2.006375308532714996e+01
2.005389725446701021e+01
2.005184477052688763e+01
2.024585381288528296e+01
1.989354615173339980e+01
1.985953380975723093e+01
1.986148246164322018e+01
1.983622708663940415e+01
1.997828605928421197e+01
1.984857877855300856e+01
2.016444195909500081e+01
2.026839226493835611e+01
2.060782734889984269e+01
2.064302316703796336e+01
2.080975209188461150e+01
2.070035353469848616e+01
2.079348544416427558e+01
2.067670695142745885e+01
2.053737384357452456e+01
2.060841303510665767e+01
2.039802631940841593e+01
2.031742652339935162e+01
2.030229448671341075e+01
2.036148283357620414e+01
2.045645600976943967e+01
2.037770450906753439e+01
2.019065913238525312e+01
2.004542549371719318e+01
1.983701459913253728e+01
1.977214361267089870e+01
1.926567694196701197e+01
1.930828960285186824e+01
1.968026728115081880e+01
1.967930314855575702e+01
1.960339380974769696e+01
1.973680458903312740e+01
1.980228785920143153e+01
1.997810768022537076e+01
1.980045623507499641e+01
1.971589747366905243e+01
1.983181176223754960e+01
2.008236146898269681e+01
2.014511222219467257e+01
2.023846188058853102e+01
2.041182954788207837e+01
2.037362311372756807e+01
2.057198314409255957e+01
2.077457250003814693e+01
2.087462414636611996e+01
2.095261652822494369e+01
2.082638301153183136e+01
2.060915333709716890e+01
2.039509163656234847e+01
2.023087909774780258e+01
2.027231825523376330e+01
2.001884551982879756e+01
1.991753461399078518e+01
1.991089170317649959e+01
2.006730427675247341e+01
1.970234837245941151e+01
1.964178471250534130e+01
1.949743338141441384e+01
1.946962705645561087e+01
1.936749359636306878e+01
1.970457809820175044e+01
1.979092569475173846e+01
1.977789859161376995e+01
1.984172225160598657e+01
1.969343431787490672e+01
1.946095422859191970e+01
1.931280215988159199e+01
1.904523057317733858e+01
1.909269080753326264e+01
1.890903643045425397e+01
1.885926233844757149e+01
1.885100232439041079e+01
1.873569443416595348e+01
1.888613861422538776e+01
1.914865075235366731e+01
1.942228580856323106e+01
1.939404454412460410e+01
1.962940337200164720e+01
1.970103601779937819e+01
1.973826758899688727e+01
1.994922331724166753e+01
2.010143864307403661e+01
2.009295733594894529e+01
2.001244695158004916e+01
2.013137231025695684e+01
2.012048234405517633e+01
2.028193123588561875e+01
2.013369476804733438e+01
1.989344595766067414e+01
1.986731136007308862e+01
1.985165783901214454e+01
2.004279004287719701e+01
1.962888580203056321e+01
1.986300721893310595e+01
2.055197715263366831e+01
2.094868169879913467e+01
2.137699772014617849e+01
2.189531418399810647e+01
2.183649990606307867e+01
2.159998446636199887e+01
2.140636707553863616e+01
2.145776305789947358e+01
2.133450739865303092e+01
2.104820089607238742e+01
2.074546929948330032e+01
2.057195814875364448e+01
2.058274318461418062e+01
2.086305962457656804e+01
2.086034411096573038e+01
2.095214017333984202e+01
2.088763048090934760e+01
2.099028740396499515e+01
2.103810618486404493e+01
2.097820009794235219e+01
2.093237220821380618e+01
2.076344529275894146e+01
2.074179336862563972e+01
2.074286549644470057e+01
2.062531475343704201e+01
2.075232862033843872e+01
2.048947091531753628e+01
2.044082571105957058e+01
2.021565926971435445e+01
2.007518335561752210e+01
1.999131886291504046e+01
1.999113919544219797e+01
1.989318108558654785e+01
1.975137548685073696e+01
1.962159804582595868e+01
1.960460673332214299e+01
1.955810930891037103e+01
1.946299794168472275e+01
1.961368492574691658e+01
1.957252055997848572e+01
1.966312548370361313e+01
1.969594279260635261e+01
1.971764474210739237e+01
1.959487253546714669e+01
1.980613449783325208e+01
2.014969904279708857e+01
2.048689214887619059e+01
2.059744136075973486e+01
2.060968341560363726e+01
2.061731145668029797e+01
2.051059437122345130e+01
2.086413933210372917e+01
2.099676083650588865e+01
2.093437534761428864e+01
2.101794815549850526e+01
2.109388287038803256e+01
2.110057471895217773e+01
2.121367644462585389e+01
2.127713262577056952e+01
2.131947208232879731e+01
2.125023571386337196e+01
2.097170497684478718e+01
2.084534973888397147e+01
2.051556869163513142e+01
2.067818704547882191e+01
2.103368191280365096e+01
2.134854830226898059e+01
2.090956384391784795e+01
2.055528356866836504e+01
2.035439322862625033e+01
2.042179846291541878e+01
2.021772032451629642e+01
1.989465103950500335e+01
1.956332231278419442e+01
1.979697317714690996e+01
1.973476211953163073e+01
1.957603601703643648e+01
1.961944323978423910e+01
1.937930547490119793e+01
1.933238460381031132e+01
1.948053920426368890e+01
1.930424440045356604e+01
1.906041305117607010e+01
1.903473765156268982e+01
1.909533865938186636e+01
1.921998486428260833e+01
1.956486438169479314e+01
1.955734246196746895e+01
1.964945923967361452e+01
1.964348730845451385e+01
1.958620295915603648e+01
1.944695814938545197e+01
1.926941428189277516e+01
1.937393284244537384e+01
1.960716309571266081e+01
1.946666387267112697e+01
1.947429721460342478e+01
1.945824171676635572e+01
1.944507001519203016e+01
1.951107730808258012e+01
1.956652286825180198e+01
1.968017684130668599e+01
1.967428970332145610e+01
1.944195260839462236e+01
1.953180810966491876e+01
1.975536927070617566e+01
1.966589204368591481e+01
1.960352396936416497e+01
1.968028697233200219e+01
1.978454642438888555e+01
1.981903690614700153e+01
1.993637159357070843e+01
1.988774096078872589e+01
1.976368344583511316e+01
1.976528040304183875e+01
1.963220211620330957e+01
1.961437764520645288e+01
1.972925294227600190e+01
1.976893546543121261e+01
1.984506949939727960e+01
1.980458852529525871e+01
1.973168823556899909e+01
1.962100827159881433e+01
1.990381473479271079e+01
2.009506582357883531e+01
2.064913450362682212e+01
2.112933294963836772e+01
2.133061038584709124e+01
2.099286834354400710e+01
2.072155334353447032e+01
2.002359731986522817e+01
2.004555179944038557e+01
1.975500141406059385e+01
1.932832031191587419e+01
1.925133296899199564e+01
1.899803553869128336e+01
1.889623041890859767e+01
1.889553433151245088e+01
1.896595239977836655e+01
1.912503750010728965e+01
1.912673397808075038e+01
1.920352237248420835e+01
1.906422056463360803e+01
1.892411731437444544e+01
1.893351478381752884e+01
1.878807449570298260e+01
1.864082776238918271e+01
1.864402279307246246e+01
1.865503525385856776e+01
1.852258339908123119e+01
1.835060515980720552e+01
1.849622870916724082e+01
1.845231427766084664e+01
1.829905000207424237e+01
1.841559039815664178e+01
1.812171155277490442e+01
1.841927462152242612e+01
1.856884427987337105e+01
1.873384969177246262e+01
1.884498372446298475e+01
1.876456833961010062e+01
1.863047550860643398e+01
1.871028001511097116e+01
1.856083094321489213e+01
1.841376959440112060e+01
1.835961729984283508e+01
1.841868425400853226e+01
1.828863234357833889e+01
1.808038701831102202e+01
1.806733767585754435e+01
1.833092233664989479e+01
1.825719153056144606e+01
1.840497588493823855e+01
1.836349203895330362e+01
1.841181498570442088e+01
1.817868317080140272e+01
1.812816470379829425e+01
1.786003583500385261e+01
1.775164890613556068e+01
1.746510699293613555e+01
1.759884739260673570e+01
1.762384734239578421e+01
1.748726556515097741e+01
1.745487063784599258e+01
1.706194423424005535e+01
1.705546819555759441e+01
1.705738922340869834e+01
1.691331282949447612e+01
1.696217121403217476e+01
1.689886972279548516e+01
1.710464422094822012e+01
1.726884924278259348e+01
1.736526567924022757e+01
1.740323218916654469e+01
1.782858095566034251e+01
1.802555775499343937e+01
1.818203169565200739e+01
1.827881907157897956e+01
1.854552285733223016e+01
1.874879894242286582e+01
1.893552083301544187e+01
1.912001132588386554e+01
1.937325561738014201e+01
1.932045237970352147e+01
1.937281949529647918e+01
1.958463486919402996e+01
1.963328909573554881e+01
1.950177205429077176e+01
1.939351189641952544e+01
1.952250848126411498e+01
1.960370011887550490e+01
1.938421514062881457e+01
1.926285718212127662e+01
1.921048083963394149e+01
1.897179163689613191e+01
1.881181411566734241e+01
1.884318271937370426e+01
1.913212602148055907e+01
1.918326052632331979e+01
1.934798808579444795e+01
1.932517632107734684e+01
1.914504140851497738e+01
1.923564431905746375e+01
1.930857507095337056e+01
1.920619357609748690e+01
1.916641288404464660e+01
1.911609008693694989e+01
1.911555961995124875e+01
1.914088333005905085e+01
1.934930916924476563e+01
1.942286634349823160e+01
1.959136122608184749e+01
1.942770102872848526e+01
1.947630161333083976e+01
1.942210331096649156e+01
1.939381427974700856e+01
1.941209604682922318e+01
1.950527995491027866e+01
1.942159209465980396e+01
1.947390453419685485e+01
1.941730453057289196e+01
1.928639903964996449e+01
1.928628597187995908e+01
1.934505463347435139e+01
1.933587420539856083e+01
1.921945948400497528e+01
1.923432670669555833e+01
1.920815874028205883e+01
1.914189429359436190e+01
1.920758768763542079e+01
1.920696274743080068e+01
1.929333898072242803e+01
1.908040983581543060e+01
1.908152762098312394e+01
1.924132385506629817e+01
1.921221383399963401e+01
1.929650196647644123e+01
1.938627371339797989e+01
1.921370006127357399e+01
1.903390351610183728e+01
1.908869067888259963e+01
1.909512732114792044e+01
1.920019337010383609e+01
1.921804952697753777e+01
1.929291587710380540e+01
1.941110772466659640e+01
1.933623307747840769e+01
1.930074155673980840e+01
1.942884012725949461e+01
1.956779544413685912e+01
1.955455330990552909e+01
1.984359708495140140e+01
1.963980516936778997e+01
1.968787491008639279e+01
1.959047262129783462e+01
1.980213752334118027e+01
1.992982735247612069e+01
2.029257287508249163e+01
2.036280988924503177e+01
2.058788498680591417e+01
2.058502861745357393e+01
2.056986353411674529e+01
2.050220409064293037e+01
2.050564931468963792e+01
2.070683983311653265e+01
2.084459413597583932e+01
2.099314395217895424e+01
2.112060546936988814e+01
2.098361968832016089e+01
2.107922061357498222e+01
2.095368872795105020e+01
2.095560586309433049e+01
2.078145547559261175e+01
2.079433909633159772e+01
2.069983100385665864e+01
2.066630253772735770e+01
2.062425752496719511e+01
2.063008135592937364e+01
2.042794689586162704e+01
2.058192112283706621e+01
2.064510495929717848e+01
2.072456657633781418e+01
2.089220074541568906e+01
2.068824530136585338e+01
2.047648047741651567e+01
2.071430367380976634e+01
2.061867184149026855e+01
2.045787145433425991e+01
1.998298943036794739e+01
1.970793475822806329e+01
1.957202510364055570e+01
1.935869552251696746e+01
1.934317645601034030e+01
1.927415722541809018e+01
1.969616204657554803e+01
1.964826788982749051e+01
1.963953608449697441e+01
1.955296528679132351e+01
1.962344350411892080e+01
1.967768820790052331e+01
1.967449370852708768e+01
1.962713493309021118e+01
1.960828562327623459e+01
1.932265780850648795e+01
1.929569409646391875e+01
1.944848290359973930e+01
1.969943944734334806e+01
1.977565484462976286e+01
1.981431056402921698e+01
1.988005544429421434e+01
1.977426647896766809e+01
1.991054942390918825e+01
1.993569024856090621e+01
1.991468565409183356e+01
1.989082938175201321e+01
1.998648763251304672e+01
2.011180370824337160e+01
2.026786190738678073e+01
2.044616882801055979e+01
2.046676659512519691e+01
2.041314718708991904e+01
2.037384462161064036e+01
2.057755761046409759e+01
2.070280319714546380e+01
2.089047031984329195e+01
2.134772792663574137e+01
2.133437047753334070e+01
2.168437470860481397e+01
2.149155033721923758e+01
2.168334824466705157e+01
2.153477813477516278e+01
2.142269547519683925e+01
2.136248937501907363e+01
2.130264945764541551e+01
2.129969475917816268e+01
2.129902265105247494e+01
2.117675952072143630e+01
2.119532699813842669e+01
2.119632074518203879e+01
2.116079134621620028e+01
2.111233264284133782e+01
2.100704588785171367e+01
2.100195256075858907e+01
2.097089199795722791e+01
2.090348674893379055e+01
2.085370261378288248e+01
2.081878856515884380e+01
2.080617631506919807e+01
2.085194391379356560e+01
2.083773052492141886e+01
2.082227514438629257e+01
2.080327047195434531e+01
2.079306786470413115e+01
2.067815899457931650e+01
2.069150553998947117e+01
2.067886509552002039e+01
2.066171404037475412e+01
2.030305113897323466e+01
2.024691502332687421e+01
1.984177425514459614e+01
1.976603447873592501e+01
2.019324866938590901e+01
1.999998137607574478e+01
2.038866864526271883e+01
2.085556374360323062e+01
2.034956748258471393e+01
1.981014217748641926e+01
1.934621977465152654e+01
1.931487006599306966e+01
1.910440991628766128e+01
1.882469661209583123e+01
1.879112318552732575e+01
1.852877895894050653e+01
1.821643888155221802e+01
1.824391406918764247e+01
1.830318446893990014e+01
1.858165858812630233e+01
1.848374811303317600e+01
1.843883831818401831e+01
1.812426653705835378e+01
1.813092301287353081e+01
1.809873705046176795e+01
1.829578783946037390e+01
1.841139900851249678e+01
1.831947765269279316e+01
1.832780202550888049e+01
1.844535719728470013e+01
1.851762896444797590e+01
1.859821582338809876e+01
1.862899251983165883e+01
1.873847510621547841e+01
1.884941019296645948e+01
1.892863984627723539e+01
1.895841771259307862e+01
1.911843545646667408e+01
1.926242536082267875e+01
1.936325211906433097e+01
1.930347195391654935e+01
1.942970524916648856e+01
1.954420651435852108e+01
1.963106351003646921e+01
1.956377449116707012e+01
1.959251644597053499e+01
1.937998405799865864e+01
1.933374478693008314e+01
1.906896679558753860e+01
1.867359422898292465e+01
1.874728789362907477e+01
1.852586140906810641e+01
1.838029784542322176e+01
1.829498995305299758e+01
1.813466667330265025e+01
1.807089882116317625e+01
1.814874168710112556e+01
1.825669768045544572e+01
1.834185947492122537e+01
1.854184969482421863e+01
1.868250341343879839e+01
1.879006626174449934e+01
1.895734603970050713e+01
1.884259541244506764e+01
1.889741659073829538e+01
1.895557202069759484e+01
1.915483162925243477e+01
1.953184139056205737e+01
1.969088885753154727e+01
1.966641495842933551e+01
1.919948830952644414e+01
1.924632208892106888e+01
1.920327325997054402e+01
1.931634788383245294e+01
1.950451009564995886e+01
1.886934892679452958e+01
1.849352381313443061e+01
1.823875160520076832e+01
1.824675967477559979e+01
1.807312849926352527e+01
1.830912619231939331e+01
1.861433015868663787e+01
1.873701674716472709e+01
1.879435939400196176e+01
1.900775123791694554e+01
1.890082413110733128e+01
1.897713919267654248e+01
1.885657829658985207e+01
1.882333251399994012e+01
1.886817455320358405e+01
1.891070102343559256e+01
1.898476997065544225e+01
1.911556704142093821e+01
1.907064173228740600e+01
1.923363734416961535e+01
1.925169598429203077e+01
1.930782268528938417e+01
1.929871260395050214e+01
1.929306369252205045e+01
1.935740911760330363e+01
1.934884947099685704e+01
1.948217157235145436e+01
1.962409062342643651e+01
1.973299218506813091e+01
1.962969758834838885e+01
1.965035580625534095e+01
1.965371896314621125e+01
1.975740878558158897e+01
1.982593513727188039e+01
1.987933747196197487e+01
1.987568054742813217e+01
1.995872520565986719e+01
2.004196858091354372e+01
2.011605043363570999e+01
1.997799713525771992e+01
2.011257752933502374e+01
1.996435588102340830e+01
2.014119153890609581e+01
1.998701454033851732e+01
1.988013967957496675e+01
1.997103901381492719e+01
2.008750113611221266e+01
2.003282131791114651e+01
1.995189533305168084e+01
1.964798118753433087e+01
1.953330260434150745e+01
1.940063000473976018e+01
1.946033783540725537e+01
1.952627558388709872e+01
1.951101299562454372e+01
1.961691991076469321e+01
1.961918182377815256e+01
1.959079510989189288e+01
1.953511154012679896e+01
1.947810797548294204e+01
1.955064107971191234e+01
1.966650654096603290e+01
1.962528128886222945e+01
1.943877917239666075e+01
1.973353668427467511e+01
1.964349901257753217e+01
1.965118158229589440e+01
1.920994392612278290e+01
1.920844606478214089e+01
1.921305340005457296e+01
1.922341610589027283e+01
1.922392330865264043e+01
1.910531799908578421e+01
1.899324073842466021e+01
1.882740005017518925e+01
1.880640465304553643e+01
1.906885203188061695e+01
1.939935104538798427e+01
1.946127692905664475e+01
1.953026124548614106e+01
1.962590556457042723e+01
1.969382051780819864e+01
1.976456453852951611e+01
2.021901778923272985e+01
2.040888243526816481e+01
2.057135841498672946e+01
2.067278194668590885e+01
2.070211277350187373e+01
2.046661760187149071e+01
2.032085740568637888e+01
2.038822136144638009e+01
2.024668288865089494e+01
2.022069480476379510e+01
2.013235279583931003e+01
2.014059508132934440e+01
2.019776663751602186e+01
2.024387903966903579e+01
2.028313398866653472e+01
2.038810973186492959e+01
2.019650092105865369e+01
2.009775966348648168e+01
