4.761292157394927949e-01
4.761292157394927949e-01
4.761292157394927949e-01
4.761292157394927949e-01
4.761292157394927949e-01
4.761292157394927949e-01
4.761292157394927949e-01
4.761292157394927949e-01
4.761292157394927949e-01
4.761292157394927949e-01
4.761292157394927949e-01
4.761292157394927949e-01
4.761292157394927949e-01
4.761292157394927949e-01
4.761292157394927949e-01
4.761292157394927949e-01
4.761292157394927949e-01
4.761292157394927949e-01
4.761292157394927949e-01
4.761292157394927949e-01
4.761292157394927949e-01
4.761292157394927949e-01
4.761292157394927949e-01
4.761292157394927949e-01
4.761292157394927949e-01
4.761292157394927949e-01
4.761292157394927949e-01
4.761292157394927949e-01
4.761292157394927949e-01
4.761292157394927949e-01
4.761292157394927949e-01
4.761292157394927949e-01
4.761292157394927949e-01
4.761292157394927949e-01
4.761292157394927949e-01
4.761292157394927949e-01
4.761292157394927949e-01
4.761292157394927949e-01
4.761292157394927949e-01
4.761292157394927949e-01
4.761292157394927949e-01
4.761292157394927949e-01
4.761292157394927949e-01
4.761292157394927949e-01
4.761292157394927949e-01
4.761292157394927949e-01
4.761292157394927949e-01
4.761292157394927949e-01
4.761292157394927949e-01
4.761292157394927949e-01
4.761292157394927949e-01
4.761292157394927949e-01
4.761292157394927949e-01
4.761292157394927949e-01
4.761292157394927949e-01
4.761292157394927949e-01
4.761292157394927949e-01
4.761292157394927949e-01
4.761292157394927949e-01
4.761292157394927949e-01
4.761292157394927949e-01
4.761292157394927949e-01
4.761292157394927949e-01
4.761292157394927949e-01
4.761292157394927949e-01
4.761292157394927949e-01
4.761292157394927949e-01
4.761292157394927949e-01
4.761292157394927949e-01
4.761292157394927949e-01
4.761292157394927949e-01
4.761292157394927949e-01
4.761292157394927949e-01
4.761292157394927949e-01
4.761292157394927949e-01
4.761292157394927949e-01
4.761292157394927949e-01
4.761292157394927949e-01
4.761292157394927949e-01
4.761292157394927949e-01
4.761292157394927949e-01
4.761292157394927949e-01
4.761292157394927949e-01
4.761292157394927949e-01
4.761292157394927949e-01
4.761292157394927949e-01
4.761292157394927949e-01
4.761292157394927949e-01
4.761292157394927949e-01
4.761292157394927949e-01
4.761292157394927949e-01
4.761292157394927949e-01
4.761292157394927949e-01
4.761292157394927949e-01
4.761292157394927949e-01
4.761292157394927949e-01
4.761292157394927949e-01
4.761292157394927949e-01
4.761292157394927949e-01
4.761292157394927949e-01
4.761292157394927949e-01
4.761292157394927949e-01
4.761292157394927949e-01
4.761292157394927949e-01
4.761292157394927949e-01
4.761292157394927949e-01
5.823511978616937590e-01
7.037443829514086202e-01
8.241953408300876083e-01
9.519117565363645062e-01
1.069470438568294046e+00
1.245096145004034094e+00
1.427476798647642209e+00
1.576067188727855672e+00
1.756365773969888577e+00
1.929873332649469475e+00
2.090456836789846395e+00
2.222939420342445516e+00
2.367809291297197305e+00
2.598690147447586085e+00
2.859502162003517256e+00
3.007998749768733937e+00
3.218736627888679536e+00
3.359226071608066633e+00
3.591634831666946415e+00
3.851727066373825004e+00
3.990942802262306355e+00
4.179883539438248086e+00
4.407246751260757378e+00
4.624374843120574674e+00
4.944407327127456675e+00
5.116572264266014081e+00
5.354690682101249877e+00
5.539983855032921234e+00
5.674807088828086599e+00
5.856870605707168664e+00
6.056993723773956617e+00
6.299215901780128135e+00
6.618830868077278495e+00
6.838077872300147853e+00
7.015070961380004633e+00
7.336229482340812957e+00
7.574763121414184397e+00
7.819052775478363415e+00
8.125188145112991478e+00
8.404361799383163856e+00
8.659800459623337332e+00
8.910602133083344256e+00
9.031595487833023128e+00
9.247046288299561212e+00
9.410590110588072932e+00
9.544516013669968046e+00
9.671119142889976317e+00
9.790124706506729169e+00
9.862383352899550815e+00
9.963337945604324730e+00
1.000843612227439827e+01
1.000025276746749903e+01
9.980144795966149118e+00
9.938572764515877012e+00
9.927925729584693215e+00
9.959432018113135499e+00
9.983537135815620189e+00
1.001635279214382201e+01
1.006430537245273626e+01
1.015857071416377977e+01
1.020612218689918471e+01
1.026206966536045151e+01
1.030124518401622780e+01
1.042628507778644575e+01
1.040534966387748739e+01
1.047066852459907516e+01
1.048506948094368063e+01
1.053847062849998473e+01
1.056907721796035737e+01
1.066082475585937495e+01
1.060811708137989129e+01
1.067950758962631141e+01
1.075775961732864339e+01
1.080572546954154944e+01
1.078816929824352222e+01
1.084386788058280970e+01
1.079806663875579886e+01
1.072295096905231482e+01
1.081480766921043468e+01
1.077390889265537233e+01
1.081198355083465579e+01
1.087407607345581084e+01
1.088709157547950745e+01
1.087625223762989002e+01
1.089525447347164189e+01
1.087050396811962116e+01
1.077811825037002613e+01
1.081666610882282242e+01
1.080907002882957535e+01
1.080969284439086842e+01
1.082787506692409529e+01
1.082795104608535830e+01
1.079724832882881103e+01
1.077677128801345852e+01
1.072475302605628933e+01
1.067639161090850841e+01
1.067272870233058946e+01
1.064532113623619125e+01
1.063163198761940009e+01
1.059074055967330885e+01
1.055659391980171158e+01
1.049678846466541238e+01
1.045603702213764130e+01
1.039805159058570894e+01
1.036037310538291933e+01
1.030421582601070440e+01
1.025885458023548047e+01
1.022727560913562783e+01
1.023916711530685397e+01
1.018988201115131353e+01
1.017953487410545321e+01
1.013403323290348013e+01
1.013102583620548280e+01
1.011782497518062662e+01
1.008679463989734693e+01
1.010464105415344171e+01
1.013834659595489462e+01
1.016291896624565183e+01
1.018013458478450772e+01
1.020629231259822767e+01
1.019989482569694594e+01
1.018748146269321353e+01
1.021655774791240745e+01
1.018581659789085414e+01
1.018963296518325734e+01
1.017997558059692409e+01
1.015645502693653057e+01
1.012700092182159395e+01
1.013920033633709039e+01
1.014002934093475261e+01
1.012132214617729176e+01
1.013068159215450237e+01
1.011710080890655483e+01
1.015360814080238328e+01
1.010409360299110482e+01
1.006431565749645252e+01
1.002043684623241404e+01
9.986111358284949446e+00
9.954187743496895280e+00
9.911301360487938084e+00
9.882864836597443414e+00
9.836938674831390728e+00
9.828697973799705778e+00
9.787496055436134768e+00
9.745536359143256888e+00
9.750940077257157057e+00
9.790627888369559884e+00
9.826963961791992830e+00
9.912475016427039876e+00
9.995091768574715374e+00
1.010447776038646772e+01
1.023509081156253764e+01
1.026453962833881306e+01
1.026199824087619739e+01
1.027474476196765885e+01
1.020127449207305936e+01
1.017513583412170419e+01
1.015970686306953397e+01
1.012106475436687525e+01
1.015036770458221405e+01
1.013422568976879035e+01
1.013008191473483954e+01
1.010305065231323240e+01
1.004727920924425177e+01
9.975923215842247060e+00
9.925468500900269220e+00
9.885681221997737467e+00
9.853287618434428907e+00
9.794245759415627361e+00
9.780699972414970134e+00
9.741854284834861488e+00
9.737741151452064869e+00
9.703367663753033057e+00
9.675730494236946200e+00
9.605533490753174419e+00
9.614615020644665222e+00
9.627150093507767181e+00
9.607009607148169650e+00
9.617561360526085679e+00
9.624426852583885861e+00
9.636384454703330604e+00
9.688954760456084614e+00
9.754375902986526015e+00
9.772668116903304281e+00
9.789014886832237750e+00
9.771666847705841263e+00
9.759931295347213265e+00
9.752297711980343564e+00
9.729391223788262266e+00
9.736453562188147615e+00
9.745669292986393728e+00
9.737948804140090786e+00
9.717294893622398178e+00
9.691993720710277316e+00
9.647916209411620869e+00
9.614042484569550240e+00
9.592756117236614699e+00
9.688141929829120258e+00
9.856559188663959858e+00
9.701268421721458424e+00
9.908569955611229219e+00
9.850038985538482450e+00
9.731806675815581897e+00
9.706614287638664962e+00
9.695847235298156619e+00
9.643672486698626756e+00
9.841928935217858054e+00
9.765473906540870885e+00
9.747501699101924544e+00
9.652587196397782066e+00
9.718202855300903664e+00
9.767270769810677322e+00
9.777373329138756120e+00
9.630046465849876114e+00
9.593856569540500701e+00
9.603589047658443789e+00
9.637893099665641117e+00
9.597738208770751456e+00
9.624373358833789638e+00
9.485525448822974326e+00
9.490046958160400337e+00
9.580713527560234866e+00
9.670540882897377344e+00
9.734012695026397211e+00
9.774306957221030601e+00
9.760701387763022652e+00
9.781501611077786151e+00
9.938181000566482126e+00
9.743176774549484165e+00
9.767770591604708841e+00
9.776043347477912704e+00
9.737941170334815766e+00
9.819242123079300555e+00
9.934464206051826451e+00
9.976883024954796397e+00
1.003470092351436627e+01
9.988046514868736736e+00
9.936427653336524557e+00
1.002372545328140241e+01
1.002963913893699655e+01
1.003684767811298428e+01
1.017752736164331395e+01
1.038995803041458110e+01
1.033974794971942934e+01
1.047529685504436436e+01
1.060196090066432895e+01
1.051228866952657626e+01
1.054938140094280286e+01
1.063858549826145250e+01
1.080936896618604592e+01
1.099642355589866582e+01
1.123339993228912270e+01
1.144505359122753063e+01
1.176603623420000133e+01
1.193639530718326647e+01
1.187178740901947016e+01
1.189495769473314368e+01
1.186892704371213902e+01
1.176168417263031074e+01
1.203373353130817414e+01
1.229994963008165421e+01
1.242722352153062815e+01
1.237809254260063163e+01
1.235787953006029127e+01
1.247788508651256478e+01
1.258087354229688692e+01
1.264079569058418251e+01
1.279160877783298567e+01
1.283476429870128577e+01
1.322803269305229179e+01
1.335786310479640981e+01
1.362997144601345134e+01
1.398739716951847001e+01
1.430291579636335442e+01
1.447769268423318856e+01
1.462799162266254349e+01
1.490551799213886319e+01
1.524622239537239032e+01
1.539483948181867667e+01
1.548662340623140388e+01
1.571146375415325203e+01
1.580741772004365941e+01
1.607392934913635330e+01
1.622542219427824151e+01
1.633602755089998126e+01
1.650246737315654855e+01
1.649029555337429187e+01
1.677769007301330717e+01
1.681895270044803681e+01
1.707721853494644293e+01
1.739480084309577990e+01
1.769980328285694071e+01
1.804371565308570879e+01
1.810038882315159015e+01
1.820038105510473159e+01
1.857719205996990297e+01
1.847826848819255829e+01
1.889781875898837882e+01
1.932897252209186689e+01
1.962344126490354412e+01
1.970988865886926789e+01
1.987318792405128320e+01
1.987304696660041969e+01
1.980176784131526802e+01
1.966899025511741783e+01
1.987356887048482790e+01
1.980587673473358024e+01
2.014438459126949255e+01
2.007136161718368683e+01
2.053622977421283835e+01
2.082171510926485070e+01
2.100762933714389646e+01
2.147997348357439051e+01
2.168577549195289578e+01
2.162528450407981850e+01
2.162224485900402016e+01
2.155172349880933780e+01
2.150122956702709232e+01
2.174834799354076509e+01
2.206523900938034188e+01
2.234995195056200146e+01
2.287536026607751793e+01
2.320097019442916064e+01
2.388676759182214582e+01
2.435712624132633053e+01
2.460320291006565085e+01
2.504752797189950897e+01
2.550484702995419539e+01
2.597983203704953326e+01
2.634951215114593381e+01
2.687752844674587394e+01
2.734879790228605145e+01
2.765827043049335643e+01
2.840826854172349059e+01
2.872048740394711430e+01
2.906744707206487632e+01
2.968945144400596448e+01
3.017063953706026069e+01
3.047918718117475478e+01
3.104999054310917828e+01
3.143236068819761186e+01
3.131493303641378745e+01
3.186534282917976313e+01
3.257146100331544858e+01
3.314260416669845455e+01
3.398856791233420438e+01
3.484859663227498316e+01
3.562448222934603592e+01
3.640661865650415763e+01
3.682796037344932216e+01
3.753308947107196047e+01
3.849209350549578801e+01
3.878836491028666700e+01
3.960930477635860569e+01
4.063698940859436703e+01
4.149934050075411562e+01
4.235507480669021874e+01
4.275416835845708619e+01
4.357172784832120271e+01
4.398278707250356945e+01
4.489081242935657201e+01
4.511008579034209021e+01
4.643857059240936991e+01
4.822901313446163840e+01
4.922255636063814421e+01
5.025961129125357019e+01
5.113623291330337395e+01
5.207245674072503760e+01
5.261011510326862606e+01
5.281928318624496654e+01
5.344695191490649933e+01
5.418579343454837982e+01
5.493605330162048261e+01
5.589694374570846236e+01
5.680159112839698565e+01
5.792712581067085154e+01
5.870125558514595099e+01
5.985919003572463737e+01
6.083870436439514151e+01
6.160977973031997834e+01
6.271808852415085056e+01
6.390626779003143554e+01
6.496108651695251979e+01
6.577226915140151675e+01
6.683449745092391936e+01
6.778538565893173029e+01
6.847375926837921156e+01
6.920631814813613403e+01
6.998969178543090663e+01
7.080613603878020967e+01
7.144247043018340548e+01
7.195550095138550262e+01
7.267247537803649493e+01
7.317279023113250958e+01
7.367798840541838956e+01
7.429969248371124024e+01
7.454083962993621526e+01
7.502955592422485154e+01
7.548898446865081269e+01
7.588186678867340618e+01
7.628924611225127705e+01
7.672968230781555121e+01
7.697620729522705574e+01
7.725663237609863643e+01
7.739968946456909293e+01
7.766902517242431259e+01
7.818680606269836630e+01
7.880660702571869081e+01
7.905494050312042020e+01
7.922193234214782365e+01
7.951513912696837849e+01
7.991100728397368869e+01
8.022115958290099513e+01
8.039225093078613327e+01
8.089264973602294617e+01
8.124792536735535009e+01
8.142526982841491190e+01
8.153309615173340319e+01
8.178488681678771854e+01
8.204763526344299862e+01
8.225945358238220706e+01
8.242487871398925847e+01
8.268219235000610468e+01
8.294187579345702943e+01
8.299239166793823586e+01
8.308036847801209035e+01
8.313529456176758003e+01
8.329349620933533060e+01
8.336379856376647979e+01
8.348604970321655117e+01
8.359568384819030484e+01
8.372290001602172538e+01
8.368540572547912859e+01
8.395006855812073354e+01
8.401474643554686850e+01
8.433396904487609902e+01
8.439998913269043612e+01
8.433291830406189149e+01
8.433052638168335591e+01
8.444002273063659914e+01
8.443894023857116338e+01
8.451004841575623061e+01
8.449160524749756007e+01
8.439419864120483794e+01
8.461173677291870376e+01
8.448746276931763077e+01
8.468805704193114536e+01
8.458496074447631941e+01
8.469461877746581990e+01
8.467331945228576728e+01
8.472374723205565772e+01
8.459921361770629744e+01
8.455962685203552098e+01
8.451970261917114158e+01
8.458846692008971502e+01
8.468015052375793061e+01
8.443745559997559269e+01
8.444597661857605431e+01
8.427069633865356479e+01
8.426335233573914252e+01
8.437265132369995513e+01
8.420604446678161992e+01
8.400361750221252066e+01
8.414732772865295374e+01
8.414604616050719699e+01
8.415061570854186357e+01
8.410419920654297243e+01
8.416435739250182735e+01
8.408851942710876415e+01
8.405923555145263038e+01
8.401409260597229434e+01
8.422320427131653275e+01
8.427995474090576522e+01
8.434614741668701754e+01
8.447945035743713049e+01
8.452313950347900118e+01
8.446181580924988452e+01
8.433248365707397909e+01
8.446865246047973130e+01
8.455822227325440110e+01
8.453122132568358893e+01
8.463964550781250296e+01
8.454942151031494291e+01
8.461961085624695045e+01
8.460475559082031793e+01
8.467973090057373042e+01
8.463564265365600647e+01
8.466261711807250379e+01
8.452083213157654029e+01
8.476937211685181239e+01
8.478781013984679760e+01
8.467804391708374112e+01
8.457451222496032983e+01
8.444136196136474837e+01
8.451798600234985770e+01
8.444740544471740407e+01
8.437278600540160767e+01
8.424295409202575513e+01
8.428026623420714714e+01
8.417823543930053631e+01
8.439030195693969461e+01
8.426935117111206353e+01
8.430194320602417690e+01
8.432182011489868501e+01
8.438127067222595201e+01
8.431911776542663972e+01
8.402018103904724455e+01
8.425560739631653462e+01
8.411426346282958377e+01
8.399333553695679200e+01
8.402194420661926699e+01
8.391701895103454945e+01
8.388651680068969085e+01
8.367461731491088983e+01
8.382107995223998387e+01
8.372385517883300565e+01
8.376928418769836071e+01
8.369750044746399453e+01
8.407239901504516411e+01
8.391226772460937866e+01
8.394218370513915772e+01
8.375404219093323377e+01
8.351297865562439426e+01
8.339355864601135693e+01
8.353274393234252670e+01
8.356263140792846400e+01
8.367533568992614335e+01
8.401704606018066102e+01
8.394494787521362866e+01
8.417259294891357513e+01
8.452946116409302135e+01
8.448837077178954758e+01
8.447410935325622461e+01
8.485091915245055816e+01
8.519749260520934797e+01
8.560560102424621221e+01
8.565107955322265809e+01
8.578070818748473414e+01
8.581492330551147063e+01
8.534916740684509762e+01
8.574659983711242717e+01
8.572673230819701473e+01
8.588017512207031245e+01
8.583559830436706761e+01
8.596831755027770328e+01
8.581448686332703346e+01
8.578423388214110901e+01
8.604527911605835300e+01
8.640558026237488320e+01
8.679456916923523124e+01
8.718528760223388474e+01
8.700736968765258439e+01
8.702326069030762312e+01
8.739199637374878193e+01
8.741920742988585857e+01
8.766726782646179572e+01
8.743589890899657746e+01
8.769664781074523319e+01
8.747141983489990480e+01
8.765750151023864589e+01
8.782587037467956748e+01
8.806338531799316627e+01
8.807374037551879553e+01
8.834779164695740405e+01
8.869625383186340173e+01
8.888326350555419708e+01
8.869888104515075611e+01
8.870959975395201980e+01
8.861311979408263539e+01
8.851692443656921228e+01
8.872665814933776574e+01
8.896542869873046300e+01
8.848419663124084877e+01
8.844079988517761137e+01
8.853421389503479588e+01
8.835217544097901055e+01
8.846275429306029991e+01
8.847876338806152319e+01
8.879702078094481976e+01
8.887021538200377790e+01
8.897606840820311902e+01
8.900358559226989996e+01
8.885159598236083411e+01
8.888684109268189104e+01
8.898812609367369930e+01
8.924311410675048251e+01
8.914596830139160488e+01
8.945871427688598487e+01
8.967603782463073969e+01
8.976344916534424101e+01
8.988040911903381414e+01
8.984215148429871078e+01
8.960176226043701320e+01
8.976839832038879763e+01
8.991623585968017096e+01
8.964015273323059318e+01
8.971309645347595563e+01
8.928936482276915854e+01
8.950464684677123728e+01
8.925874709053039169e+01
8.917176351127623946e+01
8.933220506668091332e+01
8.961435644340515694e+01
8.972253388366699767e+01
8.951883811492919563e+01
8.914248660697937510e+01
8.881028734436034711e+01
8.816638374061584216e+01
8.843140008239745953e+01
8.825792129058838498e+01
8.890593121223449202e+01
8.778766082077027022e+01
8.770715657005310106e+01
8.872256574897765802e+01
8.948369585800170967e+01
8.997895231475830258e+01
9.078025143165588418e+01
9.106473000526428052e+01
9.166890263938903161e+01
9.129986813888550046e+01
9.133706691246032960e+01
9.086883442535400945e+01
9.149815961380005547e+01
9.149992051124573322e+01
9.124404882087706881e+01
9.189611948204040459e+01
9.210139169387817049e+01
9.280323473205567097e+01
9.359466666870116569e+01
9.399405325889587459e+01
9.469594964599609455e+01
9.477605307159423376e+01
9.487415980148315953e+01
9.564923916244507041e+01
9.594212199859619261e+01
9.654669320602417315e+01
9.672399347496032362e+01
9.722286752052306724e+01
9.768950162658691738e+01
9.674433436355590743e+01
9.586923634719848053e+01
9.583046991615294985e+01
9.476037607536315477e+01
9.537207708778380777e+01
9.477703538208007217e+01
9.452302059860230088e+01
9.402588804321288762e+01
9.434903340835570873e+01
9.441744366760254081e+01
9.405112342948913806e+01
9.397984779853820214e+01
9.415122725982665486e+01
9.471613591651916408e+01
9.584757831802367889e+01
9.645549641914367101e+01
9.700628532829284723e+01
9.759091083106994802e+01
9.809842741737365657e+01
9.837397829475402489e+01
9.848081736106873052e+01
9.753364683265685642e+01
9.741408111763000477e+01
9.709462351455688633e+01
9.676465686302185532e+01
9.692942352371215975e+01
9.648899100952148444e+01
9.650802635116576766e+01
9.612219009399413494e+01
9.479103574562073220e+01
9.450591310653686605e+01
9.369719777393341076e+01
9.246301473236084689e+01
9.262834187774657835e+01
9.182721506958007751e+01
9.143136412849426620e+01
8.995454150238036561e+01
8.947334049491882979e+01
8.924288041877746025e+01
8.894743420906067399e+01
8.938765960254669096e+01
8.819841678256987905e+01
8.874836678924560829e+01
8.852914904136657981e+01
8.807585546855926850e+01
8.816277012815476155e+01
8.817900095367431845e+01
8.786430359783172150e+01
8.817566470947265600e+01
8.764377760610580026e+01
8.740052884845734127e+01
8.732293601646424008e+01
8.719304554643630922e+01
8.757843813257217391e+01
8.809122153081894169e+01
8.883494642152786014e+01
8.892938531074524633e+01
8.890503196067810165e+01
8.854163216447830109e+01
8.871580255851745278e+01
8.895714878778457546e+01
8.896585119628906568e+01
8.905166681118011240e+01
8.934064130992889829e+01
8.948596230945587138e+01
8.895868084430694012e+01
8.898304643783569645e+01
8.889129712333679834e+01
8.876458472280502576e+01
8.925606529655456711e+01
8.919653129796981261e+01
8.895048217487335762e+01
8.827791931591033858e+01
8.792780503168106065e+01
8.842347246465682531e+01
8.835564800329208879e+01
8.848331293535233044e+01
8.840505751972197857e+01
8.898553825263977046e+01
8.900428499994278297e+01
8.894468784484863022e+01
8.857757230138778937e+01
8.802691322698592558e+01
8.802965085468292727e+01
8.811462001438141556e+01
8.759436064720154036e+01
8.754745163502693117e+01
8.758436474375724856e+01
8.794246157264709041e+01
8.782466557912826488e+01
8.753715506029128335e+01
8.799025374984741177e+01
8.796461886520386031e+01
8.783827986555100154e+01
8.782199729404449329e+01
8.816521095390319829e+01
8.874366989030838226e+01
8.831911787748336451e+01
8.831269895057678809e+01
8.865943031234741056e+01
8.812596205253601056e+01
8.796685632629395002e+01
8.864349326152802178e+01
8.862323274917602589e+01
8.794494618959426191e+01
8.825893196096420468e+01
8.831663118104934540e+01
8.927049725971221505e+01
8.946534968471527804e+01
8.964262428045272202e+01
8.936510280046462640e+01
8.907062405223845758e+01
8.885732610979080448e+01
8.911537426605224255e+01
8.866995150566100392e+01
8.858014543838500288e+01
8.893332621707915564e+01
8.804532952175139826e+01
8.811415256376265859e+01
8.894819702615737356e+01
8.963652855186462887e+01
8.998067588272094497e+01
9.055845325431823767e+01
9.110268781118392667e+01
9.212469314804077669e+01
9.188036192798614366e+01
9.207069378986358288e+01
