8.636068221100140496e-02
8.636068221100140496e-02
8.636068221100140496e-02
8.636068221100140496e-02
8.636068221100140496e-02
8.636068221100140496e-02
8.636068221100140496e-02
8.636068221100140496e-02
8.636068221100140496e-02
8.636068221100140496e-02
8.636068221100140496e-02
8.636068221100140496e-02
8.636068221100140496e-02
8.636068221100140496e-02
8.636068221100140496e-02
8.636068221100140496e-02
8.636068221100140496e-02
8.636068221100140496e-02
8.636068221100140496e-02
8.636068221100140496e-02
8.636068221100140496e-02
8.636068221100140496e-02
8.636068221100140496e-02
8.636068221100140496e-02
8.636068221100140496e-02
8.636068221100140496e-02
8.636068221100140496e-02
8.636068221100140496e-02
8.636068221100140496e-02
8.636068221100140496e-02
8.636068221100140496e-02
8.636068221100140496e-02
8.636068221100140496e-02
8.636068221100140496e-02
8.636068221100140496e-02
8.636068221100140496e-02
8.636068221100140496e-02
8.636068221100140496e-02
8.636068221100140496e-02
8.636068221100140496e-02
8.636068221100140496e-02
8.636068221100140496e-02
8.636068221100140496e-02
8.636068221100140496e-02
8.636068221100140496e-02
8.636068221100140496e-02
8.636068221100140496e-02
8.636068221100140496e-02
8.636068221100140496e-02
8.636068221100140496e-02
8.636068221100140496e-02
8.636068221100140496e-02
8.636068221100140496e-02
8.636068221100140496e-02
8.636068221100140496e-02
8.636068221100140496e-02
8.636068221100140496e-02
8.636068221100140496e-02
8.636068221100140496e-02
8.636068221100140496e-02
8.636068221100140496e-02
8.636068221100140496e-02
8.636068221100140496e-02
8.636068221100140496e-02
8.636068221100140496e-02
8.636068221100140496e-02
8.636068221100140496e-02
8.636068221100140496e-02
8.636068221100140496e-02
8.636068221100140496e-02
8.636068221100140496e-02
8.636068221100140496e-02
8.636068221100140496e-02
8.636068221100140496e-02
8.636068221100140496e-02
8.636068221100140496e-02
8.636068221100140496e-02
8.636068221100140496e-02
8.636068221100140496e-02
8.636068221100140496e-02
8.636068221100140496e-02
8.636068221100140496e-02
8.636068221100140496e-02
8.636068221100140496e-02
8.636068221100140496e-02
8.636068221100140496e-02
8.636068221100140496e-02
8.636068221100140496e-02
8.636068221100140496e-02
8.636068221100140496e-02
8.636068221100140496e-02
8.636068221100140496e-02
8.636068221100140496e-02
8.636068221100140496e-02
8.636068221100140496e-02
8.636068221100140496e-02
8.636068221100140496e-02
8.636068221100140496e-02
8.636068221100140496e-02
8.636068221100140496e-02
8.636068221100140496e-02
8.636068221100140496e-02
8.636068221100140496e-02
8.636068221100140496e-02
8.636068221100140496e-02
8.636068221100140496e-02
1.581088331955717852e-01
3.016112806452904138e-01
4.287414020879193877e-01
5.658042068422771687e-01
6.817393744612112449e-01
8.585047912828623895e-01
9.893343065168708206e-01
1.140924271631985842e+00
1.242363865096867137e+00
1.390393273605406321e+00
1.516839321918785677e+00
1.660518010602891392e+00
1.843540113548934434e+00
1.981904922482371267e+00
2.101537960980832676e+00
2.197455320054292560e+00
2.245782616782188601e+00
2.337191861972212958e+00
2.385160131999850108e+00
2.514028785088658235e+00
2.662509198755025785e+00
2.799926812970638057e+00
2.923467551308870149e+00
3.023077979218959932e+00
3.145050012689829089e+00
3.292701623398065713e+00
3.368200028043985217e+00
3.463045403736829897e+00
3.606233328706025976e+00
3.724788900607824527e+00
3.876840035355090919e+00
4.029552148830890523e+00
4.206203357541561161e+00
4.312156620442867627e+00
4.408567429721355069e+00
4.525505774188041563e+00
4.671029798150062362e+00
4.888010747981071269e+00
5.136128462076187340e+00
5.317986594820022894e+00
5.392270715141296300e+00
5.529071831321716424e+00
5.698257986521721108e+00
5.918337211823463839e+00
6.102233567559719241e+00
6.276977031421661302e+00
6.436251782417297562e+00
6.608824513006210211e+00
6.772797158288955899e+00
6.968312550806999184e+00
7.175385783934593142e+00
7.383426080441474859e+00
7.605527089476585623e+00
7.820412820219993399e+00
8.069041656875610258e+00
8.230236279416084599e+00
8.394001022171973858e+00
8.605949970483779410e+00
8.815986942458152953e+00
8.962211031961441421e+00
9.138890507841109567e+00
9.281366020536422567e+00
9.476214736413956174e+00
9.613142194104193905e+00
9.792822735261916378e+00
9.975272831511498239e+00
1.018799747188091231e+01
1.037230446312427468e+01
1.054151922698020982e+01
1.075162804830074315e+01
1.087755909421443867e+01
1.086058390831947307e+01
1.094538220088481850e+01
1.092521969170570451e+01
1.099015902383327514e+01
1.097922000985145630e+01
1.091310742604732553e+01
1.081348129608631048e+01
1.070857036290168729e+01
1.059196273665428123e+01
1.051757701146602564e+01
1.045280416152477265e+01
1.037526198518276210e+01
1.027920695488452907e+01
1.022356596550941532e+01
1.022886044857501986e+01
1.021065856587886778e+01
1.009603248767852790e+01
9.940386868882178817e+00
9.817516236424445708e+00
9.738528183174134156e+00
9.645596824955939397e+00
9.497177200746536485e+00
9.354944999766349412e+00
9.203235407304763527e+00
9.124961765599250541e+00
9.058988606071471494e+00
8.985785264420508511e+00
8.945217320466040789e+00
8.918236849570273961e+00
8.873603767061233327e+00
8.831078869318961466e+00
8.762305797481536374e+00
8.712300801372528269e+00
8.748005112957955021e+00
8.788423065781593380e+00
8.797434756374359566e+00
8.809431562638282642e+00
8.814278830933570674e+00
8.779762163412570430e+00
8.772819378042221672e+00
8.650990135884285337e+00
8.551797596669196366e+00
8.491998957109451851e+00
8.437094916939734901e+00
8.354390298581122920e+00
8.267709285700322042e+00
8.210701209950446611e+00
8.186939657831192818e+00
8.142730231893063220e+00
8.119823819839954382e+00
8.106694203901291473e+00
8.071477481675147558e+00
8.080417294037342657e+00
8.088447981095313821e+00
8.091912437033652594e+00
8.112031830692291834e+00
8.118575534868240240e+00
8.105512559878826906e+00
8.070332234096527557e+00
8.033353617382049450e+00
8.010168470597267998e+00
7.999139670431613780e+00
8.002014208292960618e+00
8.016032676279545299e+00
8.025391491961478607e+00
8.056882239854335381e+00
8.070662636435031345e+00
8.024996744334698562e+00
7.986074066805839422e+00
7.972546342468262104e+00
7.957914563250541917e+00
7.951503486466407367e+00
7.945204803645610880e+00
7.938064193332195373e+00
7.927563202047347879e+00
7.910977397584915138e+00
7.894126219451427673e+00
7.902742766404151631e+00
7.874361352288723026e+00
7.871286311817168979e+00
7.867235523521900475e+00
7.895142996048927664e+00
7.895415160787105258e+00
7.873451354992389462e+00
7.850629116117953998e+00
7.844343736243247989e+00
7.846800677812099778e+00
7.864623599934578380e+00
7.865585236525535429e+00
7.863910749971866565e+00
7.867680592632293468e+00
7.855741649615764821e+00
7.852414205980300821e+00
7.849058539938926771e+00
7.823788740968704580e+00
7.810595025146007231e+00
7.822377297377586025e+00
7.813465611588955362e+00
7.774878435313701708e+00
7.777371179699898107e+00
7.754935178017616337e+00
7.729972740638255679e+00
7.751689509296417313e+00
7.805102175378799245e+00
7.799113160550594337e+00
7.801632367897033404e+00
7.811660714542865591e+00
7.797296323406696317e+00
7.797352641046047417e+00
7.790071202993392951e+00
7.771193681013584431e+00
7.743476961791515123e+00
7.722992211115360384e+00
7.686977945846319216e+00
7.663702279496193093e+00
7.612124629539251508e+00
7.590063235294818966e+00
7.570500580596923434e+00
7.569681089925765605e+00
7.570233184087276079e+00
7.598023519742488574e+00
7.598103376913070583e+00
7.613700978970527444e+00
7.608716512048244063e+00
7.626164279806613600e+00
7.626930211293696971e+00
7.631757461988925684e+00
7.623481309664249750e+00
7.642538036930560885e+00
7.652869007956981662e+00
7.662967329251766380e+00
7.674219094073772673e+00
7.688909260809421831e+00
7.673679317653179233e+00
7.674487985575199289e+00
7.697836454033851972e+00
7.717472088193893853e+00
7.719079575634002488e+00
7.725686048960685781e+00
7.710668659472465158e+00
7.717704417359828817e+00
7.715125312244891731e+00
7.713427860116958357e+00
7.700805683296918502e+00
7.703307349038124308e+00
7.727177521741389832e+00
7.713323344326019182e+00
7.726852104103564933e+00
7.713574201714992640e+00
7.689238422417640884e+00
7.675968833839893257e+00
7.662907241451740070e+00
7.664312966096400892e+00
7.650273442906141419e+00
7.631174245822429647e+00
7.653211232489347537e+00
7.669354725039005061e+00
7.686040845370293084e+00
7.678519605422019723e+00
7.696043399214744340e+00
7.703861252158880291e+00
7.698954115355014949e+00
7.664332536011934316e+00
7.644617398655414675e+00
7.673921135032176544e+00
7.699579116475582019e+00
7.732088077402115012e+00
7.737526551210880399e+00
7.719296989250183039e+00
7.677540468639135085e+00
7.639564170110225483e+00
7.635828533077240188e+00
7.587375239515304237e+00
7.583933940845727584e+00
7.588281063282489747e+00
7.588504429030418663e+00
7.638072207170725214e+00
7.658483994358777913e+00
7.711802874439954714e+00
7.775550649690628369e+00
7.753672923099994563e+00
7.756773541462421484e+00
7.785054575103520946e+00
7.783288474649190825e+00
7.778859896165132959e+00
7.770585486388206675e+00
7.778007887357473393e+00
7.805406636297703038e+00
7.831979290562868457e+00
7.831262087869643729e+00
7.840944972002506397e+00
7.800201406145095717e+00
7.769037377882003881e+00
7.784601387596130628e+00
7.814486511921882261e+00
7.835357620024681502e+00
7.853561396092176849e+00
7.822327110761404079e+00
7.775556475573778492e+00
7.748505795598029877e+00
7.744728041851520750e+00
7.764061722964048506e+00
7.762171998858451438e+00
7.719677087789773573e+00
7.684548717981576793e+00
7.694002104836702216e+00
7.691676901096105468e+00
7.684205603677034091e+00
7.700348241400718940e+00
7.672210468584299115e+00
7.621401057833432802e+00
7.568659923779964771e+00
7.524948695945739452e+00
7.492293394935130912e+00
7.432779575127363536e+00
7.399729682052135438e+00
7.367300970464945031e+00
7.336449388974904728e+00
7.336576602500676891e+00
7.317716508167982248e+00
7.278521451216936278e+00
7.252819599539041207e+00
7.247716462653875702e+00
7.195941667723655399e+00
7.193034858655929398e+00
7.232775684076547584e+00
7.272058948272466239e+00
7.247345240497589103e+00
7.213715336853265825e+00
7.200121183156967142e+00
7.166070772784948417e+00
7.190093473857641193e+00
7.166900326037406899e+00
7.132060135263204259e+00
7.106007110613584921e+00
7.127485918647050944e+00
7.139060127294063918e+00
7.166731545048952157e+00
7.191823609817028284e+00
7.239854103446006661e+00
7.280275743615627349e+00
7.261512386387586560e+00
7.257982648587226748e+00
7.302020269560814292e+00
7.283850809442997232e+00
7.301804612982272680e+00
7.393293558800220211e+00
7.480969635599851841e+00
7.533883075147866926e+00
7.513471821969747388e+00
7.598863932174444002e+00
7.647151601672172561e+00
7.716398179984092387e+00
7.761855024325847729e+00
7.745892170178890090e+00
7.745359027385712025e+00
7.706403766137361444e+00
7.724099966090917313e+00
7.728265404736995414e+00
7.789938529574871318e+00
7.830811640560627396e+00
7.852119391036033846e+00
7.794004451125860378e+00
7.735998073405027320e+00
7.660829469865560348e+00
7.729705949091910888e+00
7.743058623564243348e+00
7.726723176980018870e+00
7.683508102273941098e+00
7.658716829711198493e+00
7.623775981318950734e+00
7.615666204875707557e+00
7.482854399853945182e+00
7.476737667864560954e+00
7.457450004416704026e+00
7.439428266167640302e+00
7.439845326745509801e+00
7.435590320754051241e+00
7.438656723713874541e+00
7.408937036019564104e+00
7.427712797439098402e+00
7.461860525065660887e+00
7.476628939050436351e+00
7.493798986637592030e+00
7.552632916676998320e+00
7.603702446323633346e+00
7.658418753576278881e+00
7.660151735937595241e+00
7.661808113503456141e+00
7.598840007191896007e+00
7.551142093771695762e+00
7.545374938249588048e+00
7.527387812125683197e+00
7.540725738507509490e+00
7.541998199880123543e+00
7.539071390128135874e+00
7.498536028778553408e+00
7.500770176118612298e+00
7.527887508940696470e+00
7.507626250463724560e+00
7.481669089645147430e+00
7.479459178107976669e+00
7.464346566915511794e+00
7.424463787794112868e+00
7.393451221174001553e+00
7.433121817362308370e+00
7.419245425003767380e+00
7.420110789513588045e+00
7.416633505249023095e+00
7.397913736838102494e+00
7.355639488816261284e+00
7.398210664516687629e+00
7.452020913457870321e+00
7.535279905706643966e+00
7.490427735370397855e+00
7.550438232266903249e+00
7.663100339323282384e+00
7.756889804989099524e+00
7.744361716765165049e+00
7.785107498562336303e+00
7.868582856571674000e+00
7.947363175594806428e+00
8.096598652112483308e+00
8.275052107435465487e+00
8.574385657304524955e+00
8.926086456018685666e+00
9.339630441820620632e+00
9.661091839826106309e+00
9.979670474135875935e+00
1.044225988484621048e+01
1.077593150218129203e+01
1.112781274834871326e+01
1.162908192273378383e+01
1.228559545429945032e+01
1.264462900888919883e+01
1.304543094516992596e+01
1.347250260014534007e+01
1.385450374391079009e+01
1.396564577910900162e+01
1.443821774488687559e+01
1.466636020982265443e+01
1.517183508902788169e+01
1.578866088472604723e+01
1.637592755110263809e+01
1.689030365388393307e+01
1.724628994920253788e+01
1.782978967032432394e+01
1.844407299066782002e+01
1.865714742596149378e+01
1.878359441437721244e+01
1.901822120883464962e+01
1.937096528655290584e+01
2.005935888402461842e+01
2.064930551595687902e+01
2.102106794488430097e+01
2.157655199178457295e+01
2.191135202436447216e+01
2.239647647120952456e+01
2.286412310748100296e+01
2.321584203575849514e+01
2.376891995177269123e+01
2.372003192763328627e+01
2.384332939648032124e+01
2.417162166957259117e+01
2.439154277921915082e+01
2.488737823317050868e+01
2.558490769345760185e+01
2.614580512543916768e+01
2.654956873737573630e+01
2.716420643736720208e+01
2.757527863357067233e+01
2.824525045459270345e+01
2.881867383415698924e+01
2.947433863160610201e+01
2.976696940399408220e+01
3.042934533853530965e+01
3.095030354547500551e+01
3.151450265221595615e+01
3.203779910757541671e+01
3.278248616328239251e+01
3.340038547836542193e+01
3.395348792499304125e+01
3.466301897221803330e+01
3.535386555025577593e+01
3.585139898074865528e+01
3.637775915489196876e+01
3.695975999708175408e+01
3.746482634689807867e+01
3.839009953408240960e+01
3.900995424187183147e+01
3.951531662461757577e+01
3.984288610243797280e+01
4.023321131019591945e+01
4.066156570527553527e+01
4.128325937194824036e+01
4.164468717880249216e+01
4.180604343385696353e+01
4.228709167442321615e+01
4.227776342792510889e+01
4.294420855021476768e+01
4.322233125538826215e+01
4.355324873914718609e+01
4.428774539885520767e+01
4.460434195027351478e+01
4.510214701170921359e+01
4.512112010116577210e+01
4.565553220052719041e+01
4.596984263954162486e+01
4.652595246753692493e+01
4.667658569517135447e+01
4.725725801448822239e+01
4.750459391093254169e+01
4.797731472067832925e+01
4.851484530978202514e+01
4.907093086528777803e+01
4.939861464900970134e+01
4.990753430595398044e+01
5.055627680025100545e+01
5.078373122634887693e+01
5.123493513021469425e+01
5.155422086753845434e+01
5.282740437927245836e+01
5.287877113132476836e+01
5.253194866809845109e+01
5.273529886646270626e+01
5.313300594539642674e+01
5.323029265460967707e+01
5.346266339645385557e+01
5.334837864322662426e+01
5.376798133792877366e+01
5.417037445487976299e+01
5.457561577758789184e+01
5.474602740058898576e+01
5.491856552886962817e+01
5.552835244007110305e+01
5.554250308685302429e+01
5.582416362590790015e+01
5.587214007225036738e+01
5.638349838485717669e+01
5.634583058032989555e+01
5.681680781993865992e+01
5.710490534133911211e+01
5.767578137855529974e+01
5.783708913650512784e+01
5.836068299121856739e+01
5.883736315307616849e+01
5.947424744548797548e+01
5.905785314388275253e+01
6.002853463249206811e+01
5.982401859683990608e+01
6.044442093105315905e+01
6.073149472637176416e+01
6.087079065074920692e+01
6.093244631099700825e+01
6.164052099647521743e+01
6.163912332725524834e+01
6.172823674602508248e+01
6.248717107906341539e+01
6.215973972492218280e+01
6.296442950229644708e+01
6.282617677364349618e+01
6.249132544231414954e+01
6.238398392295837169e+01
6.284245800495147449e+01
6.287883760070801031e+01
6.284904693927764896e+01
6.359454006462097198e+01
6.369001261959076032e+01
6.407990565414428374e+01
6.354459541759491259e+01
6.352025591220855461e+01
6.398801900329589643e+01
6.455359217109679548e+01
6.423678635501860867e+01
6.447896794414519661e+01
6.488542014560700011e+01
6.546150999259948833e+01
6.577949469814301153e+01
6.509890926456451155e+01
6.529006501483917191e+01
6.599464933853148807e+01
6.619247154216766660e+01
6.599272904167175113e+01
6.645407980442047347e+01
6.629189680366516768e+01
6.607555228137970005e+01
6.694334554805755033e+01
6.725990261936188119e+01
6.721728434829711318e+01
6.767926386394501037e+01
6.750999659786224072e+01
6.728197452125549205e+01
6.761330939559935871e+01
6.818081658916473486e+01
6.870436753196716495e+01
