5.979981041376944972e-01
5.979981041376944972e-01
5.979981041376944972e-01
5.979981041376944972e-01
5.979981041376944972e-01
5.979981041376944972e-01
5.979981041376944972e-01
5.979981041376944972e-01
5.979981041376944972e-01
5.979981041376944972e-01
5.979981041376944972e-01
5.979981041376944972e-01
5.979981041376944972e-01
5.979981041376944972e-01
5.979981041376944972e-01
5.979981041376944972e-01
5.979981041376944972e-01
5.979981041376944972e-01
5.979981041376944972e-01
5.979981041376944972e-01
5.979981041376944972e-01
5.979981041376944972e-01
5.979981041376944972e-01
5.979981041376944972e-01
5.979981041376944972e-01
5.979981041376944972e-01
5.979981041376944972e-01
5.979981041376944972e-01
5.979981041376944972e-01
5.979981041376944972e-01
5.979981041376944972e-01
5.979981041376944972e-01
5.979981041376944972e-01
5.979981041376944972e-01
5.979981041376944972e-01
5.979981041376944972e-01
5.979981041376944972e-01
5.979981041376944972e-01
5.979981041376944972e-01
5.979981041376944972e-01
5.979981041376944972e-01
5.979981041376944972e-01
5.979981041376944972e-01
5.979981041376944972e-01
5.979981041376944972e-01
5.979981041376944972e-01
5.979981041376944972e-01
5.979981041376944972e-01
5.979981041376944972e-01
5.979981041376944972e-01
5.979981041376944972e-01
5.979981041376944972e-01
5.979981041376944972e-01
5.979981041376944972e-01
5.979981041376944972e-01
5.979981041376944972e-01
5.979981041376944972e-01
5.979981041376944972e-01
5.979981041376944972e-01
5.979981041376944972e-01
5.979981041376944972e-01
5.979981041376944972e-01
5.979981041376944972e-01
5.979981041376944972e-01
5.979981041376944972e-01
5.979981041376944972e-01
5.979981041376944972e-01
5.979981041376944972e-01
5.979981041376944972e-01
5.979981041376944972e-01
5.979981041376944972e-01
5.979981041376944972e-01
5.979981041376944972e-01
5.979981041376944972e-01
5.979981041376944972e-01
5.979981041376944972e-01
5.979981041376944972e-01
5.979981041376944972e-01
5.979981041376944972e-01
5.979981041376944972e-01
5.979981041376944972e-01
5.979981041376944972e-01
5.979981041376944972e-01
5.979981041376944972e-01
5.979981041376944972e-01
5.979981041376944972e-01
5.979981041376944972e-01
5.979981041376944972e-01
5.979981041376944972e-01
5.979981041376944972e-01
5.979981041376944972e-01
5.979981041376944972e-01
5.979981041376944972e-01
5.979981041376944972e-01
5.979981041376944972e-01
5.979981041376944972e-01
5.979981041376944972e-01
5.979981041376944972e-01
5.979981041376944972e-01
5.979981041376944972e-01
5.979981041376944972e-01
5.979981041376944972e-01
5.979981041376944972e-01
5.979981041376944972e-01
5.979981041376944972e-01
5.979981041376944972e-01
5.979981041376944972e-01
5.979981041376944972e-01
5.979981041376944972e-01
6.090403717922047155e-01
7.444734697207808782e-01
8.703503244668244765e-01
9.628817412674427478e-01
1.096603103518486000e+00
1.163204078584909373e+00
1.306583904963731779e+00
1.459690660017728847e+00
1.604819056099653141e+00
1.840223910307884125e+00
1.973531442499160793e+00
2.089907182919978901e+00
2.000530480623245122e+00
2.043035187733173164e+00
2.025562162518501186e+00
2.045281320750713228e+00
2.024143205964565428e+00
2.036641701149940697e+00
1.995864186525344808e+00
2.006321849107742139e+00
2.003827990591525943e+00
1.997382382994890238e+00
1.989137274396419519e+00
1.973621332609653445e+00
1.974800986826419802e+00
1.972080062139034196e+00
1.961516823387146058e+00
1.902411840534210308e+00
1.953498459941148679e+00
1.903247801452875088e+00
1.918136894726753194e+00
1.943230716359615418e+00
1.950771915876865492e+00
1.993130048680305411e+00
1.998091974258422887e+00
2.005779107427597019e+00
1.977818963229656113e+00
1.914500133675336890e+00
1.959907679879665299e+00
1.895703589117526899e+00
1.919110594803094871e+00
1.909287901574373336e+00
1.892675297302007564e+00
1.910929470431804722e+00
1.910123157596588239e+00
1.953468531000614128e+00
1.966533860707283088e+00
1.944549791133403760e+00
1.890559359884262047e+00
1.938379217112064401e+00
1.929738401138782589e+00
1.981514887809753489e+00
1.949866002154350353e+00
1.938593734681606229e+00
1.933996223640441992e+00
1.955079278635978746e+00
1.935212379431724639e+00
1.992165803170204086e+00
1.946930963939428327e+00
1.918780507797002821e+00
1.940642698240280239e+00
1.925403243154287347e+00
1.964044245570897962e+00
1.959713305878639122e+00
1.975558131337165735e+00
1.959788768136501380e+00
1.926686351943015962e+00
1.930757473695278170e+00
1.976167320728301924e+00
1.894109261739254091e+00
1.871000341695547187e+00
1.886124028992652857e+00
1.896640489149093556e+00
1.869025952517986200e+00
1.903893830567598311e+00
1.945418820953369154e+00
1.929833799999952415e+00
1.927722731876373219e+00
1.915612068688869574e+00
1.943686174428463032e+00
1.942235885393619466e+00
1.908404542541503934e+00
1.899440733313560559e+00
1.932650261795520796e+00
1.921926759588718392e+00
1.972612109994888341e+00
1.987449007344245899e+00
1.956329997801780740e+00
1.966355489653348831e+00
1.932726029723882633e+00
1.936918140089511908e+00
1.925579744833707752e+00
1.930660399097204216e+00
1.935927103728055876e+00
1.923811677718162638e+00
1.959321444058418349e+00
1.950624015736579953e+00
1.962362146598100709e+00
1.954157045841216966e+00
1.956967101800441755e+00
1.964924189007282163e+00
1.970269261246919701e+00
1.935646616125106911e+00
1.949379907834529968e+00
1.960262221777439029e+00
1.947171734338998705e+00
1.940164663857221639e+00
1.955865098398923863e+00
1.943527579969167807e+00
1.937478517878055584e+00
1.918843709844350709e+00
1.944169947326183312e+00
1.954541291752457610e+00
1.978450841051340170e+00
1.991185316860675902e+00
1.956947399365901896e+00
1.963940170830488219e+00
1.957355556571483524e+00
1.973950204530358299e+00
2.014075641819834672e+00
2.006840493953228055e+00
2.023258492732047831e+00
2.006167409539222568e+00
1.992310291492938923e+00
1.985257478821277566e+00
1.963938313913345279e+00
1.953171804186701666e+00
1.955677437341213132e+00
1.931779541003703971e+00
1.956887980300187957e+00
1.982703874546289491e+00
1.998206040591001598e+00
1.985024128031730672e+00
1.969914846092462479e+00
1.959722508114576378e+00
1.938026440933346750e+00
1.952908392256498260e+00
1.958232606482505744e+00
2.003104051774740046e+00
1.982870139613747584e+00
1.924500869375467271e+00
1.912218074160814352e+00
1.922255352002382178e+00
1.913954957252740785e+00
1.897630752092599904e+00
1.899696494793891910e+00
1.945152035763859644e+00
1.993570682567358032e+00
2.008238200610875879e+00
1.998172138500213579e+00
2.011872051811218309e+00
1.983263220643997293e+00
1.977399657768011076e+00
1.979158394342660943e+00
1.955874327373504640e+00
1.957894311460852688e+00
1.956517203557491369e+00
1.980999243229627504e+00
1.974422268468141617e+00
1.955731991785764734e+00
1.958217830914259050e+00
1.975696141779422765e+00
1.972411491858959254e+00
1.949788045942783432e+00
1.950949604034423857e+00
1.947089522570371711e+00
1.980308747053146412e+00
1.995022180444002258e+00
1.967646515071391988e+00
1.949040177947282793e+00
1.932196566677093497e+00
1.950351811826229076e+00
1.927403664088249258e+00
1.924652233201265439e+00
1.947058579421043323e+00
1.968148095607757497e+00
1.934628711658716194e+00
1.947790343213081421e+00
1.945202439212799117e+00
1.942798976814746892e+00
1.994785681509971598e+00
1.969296835631132225e+00
1.969943256479501636e+00
1.947438364100456232e+00
1.923763762313127623e+00
1.924364957958459854e+00
1.962854680901765736e+00
1.966435428082943027e+00
1.975561884790658862e+00
1.943397434395551571e+00
1.940061631721258228e+00
1.940699380958080367e+00
1.957146362715959542e+00
1.949645479196310038e+00
1.974597722220420737e+00
1.974434923112392326e+00
1.974479688811302092e+00
1.979933517855405833e+00
1.975922442662715994e+00
1.968026041597128017e+00
1.948419465017318775e+00
1.955399764227867099e+00
1.939640443891286870e+00
1.910235435843467666e+00
1.905293841320276238e+00
1.918603992903232580e+00
1.933565662848949485e+00
1.932335687440633665e+00
1.921333195090293877e+00
1.925850101768970424e+00
1.949560016334056956e+00
1.948701058679819020e+00
1.946128670829534446e+00
1.953455604147910973e+00
1.943199823755025868e+00
1.950154634565115064e+00
1.935377607655525134e+00
1.947225784927606673e+00
1.951134326863288804e+00
1.954843959510326412e+00
1.946720930308103670e+00
1.950285814088583036e+00
1.953049623543024138e+00
1.950138477712869634e+00
1.953007072114944398e+00
1.957360890108347018e+00
1.953119207632541654e+00
1.961282170814275805e+00
1.957368079185485943e+00
1.946987869828939344e+00
1.948767765468359059e+00
1.969341909235715837e+00
2.001945344835519780e+00
1.987676955229043863e+00
1.963836480283737140e+00
1.957179280823469147e+00
1.926872597122192277e+00
1.942321031808853071e+00
1.934316296809911684e+00
1.955132734835147934e+00
1.953157861286401786e+00
1.972081433773040793e+00
1.949237004739046153e+00
1.936106788814067947e+00
1.939522908663749767e+00
1.927333894246816559e+00
1.958730779814720213e+00
1.970528001153469155e+00
1.959698895680904496e+00
1.941559214949607926e+00
1.946530101501941612e+00
1.920771139800548477e+00
1.945009544241428356e+00
1.954809857499599346e+00
1.948447897577285870e+00
1.936608687978983001e+00
1.925357010090351206e+00
1.938639585453271863e+00
1.940510780483484243e+00
1.938191537964343958e+00
1.944448437184095324e+00
1.943811149048805254e+00
1.942125842469930586e+00
1.930340959358215258e+00
1.965033660620451039e+00
1.967109294557571442e+00
1.974510386890172997e+00
1.972730554479360521e+00
1.977801688277721404e+00
1.960585950499773134e+00
1.944333441942930119e+00
1.961258459699153800e+00
1.962986617264151468e+00
1.960710939905047523e+00
1.970524296069145143e+00
1.959522680664062433e+00
1.960272026827931446e+00
1.942362621608376472e+00
1.939999864968657395e+00
1.953782006222009704e+00
1.958335182410478659e+00
1.959999372783303162e+00
1.961068542638421119e+00
1.945398474010825218e+00
1.933637733691930816e+00
1.920183625635504709e+00
1.965099186617135896e+00
1.951934273579716717e+00
1.930232086858153284e+00
1.928068136659264464e+00
1.933368549987673823e+00
1.938381857389211760e+00
1.962450431114435290e+00
1.950420375216007196e+00
1.947326816347241474e+00
1.947171550077199997e+00
1.932649358713626864e+00
1.929255247542262186e+00
1.950128987067937913e+00
1.939842680075764658e+00
1.952423657327890361e+00
1.937346282458305424e+00
1.951389960595965478e+00
1.949655438601970658e+00
1.940241962000727627e+00
1.956354976293444681e+00
1.924467956903576749e+00
1.947395400819182498e+00
1.961158151793479965e+00
1.949011166906356785e+00
1.953774448803067276e+00
1.941422693222761175e+00
1.917347402369976139e+00
1.932300982707738868e+00
1.933565014484524669e+00
1.939867374742031192e+00
1.943483986899256610e+00
1.919334298771619762e+00
1.927309538838267278e+00
1.954748848944902528e+00
1.949368938022852049e+00
1.949110210227966267e+00
1.946486864396929750e+00
1.948153746601939185e+00
1.980667099553346633e+00
1.960786369520425731e+00
1.964888838368654245e+00
1.962795907583832822e+00
1.953674940815568029e+00
1.949844587624073089e+00
1.922395728564262329e+00
1.951763347607851085e+00
1.937167024007439675e+00
1.923980744338035676e+00
1.954049361562728793e+00
1.953431218498945299e+00
1.950058340632915499e+00
1.929572242343425836e+00
1.919827546423673592e+00
1.934968374347686870e+00
1.940125856733322163e+00
1.943725683647394176e+00
1.925311954206228249e+00
1.914559763014316518e+00
1.920672523307800361e+00
1.933590535783767717e+00
1.953147524851560624e+00
1.973275450563430677e+00
1.957252228772640157e+00
1.956507362693548302e+00
1.956247911471128420e+00
1.946291867673397125e+00
1.914774055898189609e+00
1.918129331195354448e+00
1.929504847913980470e+00
1.922117115062475179e+00
1.944195211309194482e+00
1.949330250167846668e+00
1.946404590529203338e+00
1.944167526024580095e+00
1.952185901433229454e+00
1.955431906819343535e+00
1.961648472523689346e+00
1.952936696404218742e+00
1.953260150104761061e+00
1.947821867042779820e+00
1.946713456553220700e+00
1.938605328357219770e+00
1.953202061498165110e+00
1.948532964283227864e+00
1.946761593437194904e+00
1.953418886387348286e+00
1.955248729360103521e+00
1.947122574138641315e+00
1.957936732119321732e+00
1.946357366615533824e+00
1.934506989783048692e+00
1.946750564545393081e+00
1.934279135024547625e+00
1.955113283067941632e+00
1.945207943952083518e+00
1.941561295157671063e+00
1.947795421069860478e+00
1.943909492152929408e+00
1.945380987805128026e+00
1.943120371502637944e+00
1.947137830233574007e+00
1.940491412758827305e+00
1.934539980638027235e+00
1.950266744315624301e+00
1.954397169446945082e+00
1.942699792122840829e+00
1.963793583238124807e+00
1.943989551663398707e+00
1.931512160354852625e+00
1.933785650604963324e+00
1.943296372646093451e+00
1.939525752007961179e+00
1.932134780800342622e+00
1.927560337120294509e+00
1.934992907774448323e+00
1.943439541459083486e+00
1.930823483407497321e+00
1.927393741792440496e+00
1.926111309254169512e+00
1.940095350515842476e+00
1.931051692992448832e+00
1.938156660127639874e+00
1.942918524891138032e+00
1.937218191230297037e+00
1.921743202841281972e+00
1.932145385593175835e+00
1.929943038815259859e+00
1.972039604055881412e+00
1.967146289852261587e+00
1.944964078888297143e+00
1.949580050382017982e+00
1.922040458729863177e+00
1.910604667752981101e+00
1.930288253715634283e+00
1.919876094946265210e+00
1.929474250197410479e+00
1.955449555882811552e+00
1.967115133011340999e+00
1.988008045491576281e+00
1.944116512438654798e+00
1.963637403512001001e+00
1.943451224252581655e+00
1.958613815304636852e+00
1.941083854645490714e+00
1.947503150895237845e+00
1.927567038726806681e+00
1.943801240053772972e+00
1.970445175915956471e+00
1.958072800630330956e+00
1.964608672273159051e+00
1.931651920050382554e+00
1.967808932381868381e+00
1.989901624882221221e+00
1.998383992546796772e+00
1.960193555319309278e+00
1.949612831118702871e+00
1.927228907772898570e+00
1.935163301044702466e+00
1.949607544451952057e+00
1.942872946608066531e+00
1.943541843813657799e+00
1.953693104511499357e+00
1.965955629909038604e+00
1.947741262990236200e+00
1.944512409901618888e+00
1.948240279692411425e+00
1.940468363472819258e+00
1.971553389072418172e+00
1.950359508013725263e+00
1.966537418648600655e+00
1.935279029375314819e+00
1.960951064735650951e+00
1.961276046609878643e+00
1.964495356613397581e+00
1.943484144505858380e+00
1.949390913206338949e+00
1.941042945346236337e+00
1.926396935245394682e+00
1.933554762750864020e+00
1.955964389008283622e+00
1.989894187271594950e+00
1.954274166536331236e+00
1.952906891614198726e+00
1.927007605329155826e+00
1.947454098188877047e+00
1.953360817939043148e+00
1.928970168626308546e+00
1.937786411786079466e+00
1.942121205985546162e+00
1.951857534688711260e+00
1.970653449809551150e+00
1.945774491065740630e+00
1.964178038674593063e+00
1.952108690285682568e+00
1.951367050617933252e+00
1.959340222811698951e+00
1.984724953567981620e+00
1.956935778647661106e+00
1.931018964484334077e+00
1.942663756307959622e+00
1.935956839421391518e+00
1.929642529311776267e+00
1.924124985834956059e+00
1.911636602208018232e+00
1.919240341436862840e+00
1.916814623922109551e+00
1.926372034797072308e+00
1.947041016542911507e+00
1.957785856330394703e+00
1.952098150771856222e+00
1.941187031096220039e+00
1.949127753239870087e+00
1.951606275951862424e+00
1.957340238273143740e+00
1.953442082154750903e+00
1.956373751243948966e+00
1.962516790080070406e+00
1.974588172203302294e+00
1.954417388260364596e+00
1.976528741693496682e+00
1.946975536423921627e+00
1.968151095533370976e+00
1.965893831169605255e+00
1.958471996325254372e+00
1.958366521072387734e+00
1.945974390274286314e+00
1.942923171597719101e+00
1.946459996646642709e+00
1.960544708955287874e+00
1.954587651503085999e+00
1.956832208979129684e+00
1.953251312327384914e+00
1.941830526673793855e+00
1.949425767207145777e+00
1.957510709887742895e+00
1.944411513721942875e+00
1.943709428471326772e+00
1.931892981386184704e+00
1.934965105468034796e+00
1.963054985195398228e+00
1.936568470954894927e+00
1.937597359633445704e+00
1.931872017675638098e+00
1.937414637941122120e+00
1.950151950538158374e+00
1.958790222483873356e+00
1.974697734475135746e+00
1.943743844360113160e+00
1.917085304206609830e+00
1.930359924960136420e+00
1.935572322422266067e+00
1.942512103354930852e+00
1.940554970118403499e+00
1.965991172811389021e+00
1.968892476293444549e+00
1.976514764320850270e+00
1.966722756189107857e+00
1.937281022179126788e+00
1.961942467552423519e+00
1.942370396268367827e+00
1.912971705222129781e+00
1.922780896055698463e+00
1.933011592739820372e+00
1.951464709499478367e+00
1.952408045542240123e+00
1.944122413289546936e+00
1.932853655523061764e+00
1.932187053412198985e+00
1.934288850277662286e+00
1.943132368254661513e+00
1.925208439236879343e+00
1.912819375196099347e+00
1.937568620038032430e+00
1.916757743313908469e+00
1.933580006945133212e+00
1.946203389465808842e+00
1.962071072021126739e+00
1.964198738873004890e+00
1.937194205319881402e+00
1.953390237116813699e+00
1.963129479616880335e+00
1.967620020473003439e+00
1.936378478837013306e+00
1.918114696627855276e+00
1.948559169709682459e+00
1.951561209982633605e+00
1.957299187770485949e+00
1.937300861957669262e+00
1.942601636204123405e+00
1.957810287356376744e+00
1.960773725104332010e+00
1.967387765640020270e+00
1.973542396104335683e+00
1.957213679623603930e+00
1.936219480073452015e+00
1.953637717896699932e+00
1.963887077301740725e+00
1.949647419613599775e+00
1.942731175416708034e+00
1.944358666002750313e+00
1.934388491034507718e+00
1.945024794375896482e+00
1.954904628431797020e+00
1.953712382835149697e+00
1.974113665509223958e+00
1.973069087761640583e+00
1.953257176828384400e+00
1.959592838221788424e+00
1.953430866301059776e+00
1.953608349585533199e+00
1.962824346476793380e+00
1.971307164436578718e+00
1.948276108700037090e+00
1.986995307826995960e+00
1.981164938762784100e+00
1.980518465417623553e+00
1.975103921842574994e+00
1.979478568708896713e+00
1.982946984159946524e+00
1.968468123298883432e+00
1.950112558311223987e+00
1.940188461703062028e+00
1.920808674508333258e+00
1.932016915714740657e+00
1.956503207695484248e+00
1.950529891926050086e+00
1.964070457577705486e+00
1.947167966073751533e+00
1.959464663195610079e+00
1.944591310733556844e+00
1.950837309551239018e+00
1.942332267028093362e+00
1.939796443951129934e+00
1.922515180695056891e+00
1.959069730854034352e+00
1.960726071351766686e+00
1.976558338761329692e+00
1.952168959271907811e+00
1.949080882722139307e+00
1.959111368227004935e+00
1.949413576090335942e+00
1.965912462645769132e+00
1.965740297126770120e+00
1.947198393511772263e+00
1.949844724893569969e+00
1.949326070743799155e+00
1.935625769925117590e+00
1.938645471197366632e+00
1.936837427365779796e+00
1.930707606506347762e+00
1.934885727900266694e+00
1.932997060298919711e+00
1.928222089833021125e+00
1.948315763199329309e+00
1.959236329197883597e+00
1.958617526113986873e+00
1.943688908159732831e+00
1.944887097179889723e+00
1.947682596963643986e+00
1.955031657630205144e+00
1.955926660698652286e+00
1.982484386801719678e+00
1.988860048264265101e+00
1.963956775236129770e+00
1.971253361201286358e+00
1.968310109740495584e+00
1.974312439829111199e+00
1.976691150200367009e+00
1.946234508258104290e+00
1.947743944162130258e+00
1.957150702375173523e+00
1.969111190903186870e+00
1.930223429203033358e+00
1.927748254686594054e+00
1.938003779762983214e+00
1.962488802736997551e+00
1.951893775576353018e+00
1.953666667956113878e+00
1.941259548944234803e+00
1.959952560204267558e+00
1.963880414998531387e+00
1.965385595452785461e+00
1.961233423286676381e+00
1.934835425639152451e+00
1.940261083143949516e+00
1.952911365401744925e+00
1.968913989019393851e+00
1.934638881048560188e+00
1.933296575996279687e+00
1.933095719623565634e+00
1.946902400672435807e+00
1.953703598752617898e+00
1.948225374460220261e+00
1.939657282125949900e+00
1.932570077925920504e+00
1.939669285541772759e+00
1.947671976965665852e+00
1.937898213255405455e+00
1.934540183287859039e+00
1.949503493672609222e+00
1.953449815243482490e+00
1.949521062380075387e+00
1.939893598753213988e+00
1.942868635016679724e+00
1.942472697752714250e+00
1.956578868615627353e+00
1.931560406434535970e+00
1.980255842363834340e+00
1.945085853955149657e+00
1.954093880409002226e+00
1.934839594364166304e+00
1.947899609243869845e+00
1.933359780842065723e+00
1.950133548909425807e+00
1.945565551263094051e+00
1.942968376755714432e+00
1.941227418237924551e+00
1.941439293897151863e+00
1.910971275854110640e+00
1.914690181577205719e+00
1.913504811245203108e+00
1.957678522449731728e+00
1.955477263939380705e+00
1.975058909642696481e+00
1.967334997028112431e+00
1.950165330672264163e+00
1.956109231716394392e+00
1.979052177667617762e+00
1.933521416431665418e+00
1.967554165536165245e+00
1.974199738639593082e+00
1.999299654048681152e+00
1.976034039843082457e+00
1.967547718888521091e+00
1.955282179552316757e+00
1.934549803799390899e+00
1.941961655926704333e+00
1.962257473146915343e+00
1.951377985048293962e+00
1.954483028423786184e+00
1.971113989812135703e+00
1.941778662037849434e+00
1.935483811873197624e+00
1.958008849722147060e+00
1.956846612119674589e+00
1.947018825352191840e+00
1.946680993431806561e+00
1.934620761227607622e+00
1.924145482188463152e+00
1.944897260820865670e+00
1.941007979506254255e+00
1.946941065919399305e+00
1.959855243659019530e+00
1.966847383451461706e+00
1.945168166118860231e+00
1.944996091377735103e+00
1.947952483868598872e+00
1.944273830461502151e+00
1.942296452164649967e+00
1.939167742139100925e+00
1.913771604335308130e+00
1.903191618287563225e+00
1.919503393208980668e+00
1.914476845258474391e+00
1.924820501792430916e+00
1.925119062489271116e+00
1.939288446152210188e+00
1.944730641222000012e+00
1.946674836879968673e+00
1.949920094400644288e+00
1.925176635670661884e+00
1.941920998370647355e+00
1.952434180259704499e+00
1.944226966321468408e+00
1.948788213598728225e+00
1.936320610654354013e+00
1.939257852494716605e+00
1.928266103971004508e+00
1.960535238546132986e+00
1.961257888609170941e+00
1.964412493252754244e+00
1.965100037842989034e+00
1.957315594357252220e+00
1.983302683830261204e+00
1.985318333703279592e+00
1.956268514078855603e+00
1.963342067825794235e+00
1.942775321143865641e+00
1.917721427327394590e+00
1.930737784940004254e+00
1.940672460526227994e+00
1.963232390308380149e+00
1.960133035475015717e+00
1.966864866000413992e+00
1.958704277789592663e+00
1.979553703224659067e+00
1.985693872326612430e+00
1.978854711031913682e+00
1.941449314475059529e+00
1.948164124161005040e+00
1.950739354038238504e+00
1.950408684790134517e+00
1.919135281616449307e+00
1.918997573500871745e+00
1.943420614314079309e+00
1.950130369746684966e+00
1.948532990056276226e+00
1.985552323746681225e+00
1.944540077185630711e+00
1.955461322462558771e+00
1.969237466609478071e+00
1.965200255465507473e+00
1.950985430049896330e+00
1.973149470329284672e+00
1.954704434150457359e+00
1.977838096022605852e+00
1.981960198360681602e+00
1.959616583251953204e+00
1.959373765182495175e+00
1.955882095837593093e+00
1.955266433763503953e+00
1.952735634124278974e+00
1.938921217268705366e+00
1.923012254947424005e+00
1.945043644893169388e+00
1.946622360575199107e+00
1.912364171612262798e+00
1.909180305057764038e+00
1.954394504505395869e+00
1.960414943897724083e+00
1.954228630733489958e+00
1.945775799554586349e+00
1.936544298958778443e+00
1.939499328082799900e+00
1.950799148905277169e+00
1.951265405261516594e+00
1.954135035020112987e+00
1.966433151614666031e+00
1.938558121556043679e+00
1.907739655870199114e+00
1.912974014967679937e+00
1.927970340192318055e+00
1.920686908638477242e+00
1.935906924426555653e+00
1.936842176747322064e+00
1.944431977194547745e+00
1.940483065634965865e+00
1.933638801795244166e+00
1.943723910158872581e+00
1.942152233111858362e+00
1.934410809046030133e+00
1.936415239197015747e+00
1.952648841661214885e+00
1.940889487850665951e+00
1.944595636308193098e+00
1.940233151996135774e+00
1.927539786660671162e+00
1.950565472930669841e+00
1.924020136797428115e+00
1.936662912166118522e+00
1.926398053640127284e+00
1.931026996201276713e+00
1.930182843267917558e+00
1.943221661257743760e+00
1.928159541183710024e+00
1.938600901621580164e+00
1.946002722948789510e+00
1.945471848261356440e+00
1.939369326430559148e+00
1.946636306262016225e+00
1.935501865649223330e+00
1.926118084609508507e+00
1.936336091101169554e+00
1.957163468343019463e+00
1.927596783244609924e+00
1.931886280113458643e+00
1.946984358006715876e+00
1.946700703585147796e+00
1.923800525265932038e+00
1.933091522091627157e+00
1.942370834946632430e+00
1.945891571301221923e+00
1.983984378677606575e+00
1.953017918688058963e+00
1.938543593889474836e+00
1.939113306534290260e+00
1.936711808568239102e+00
1.938666953510046032e+00
1.941128483229875634e+00
1.927923512029647846e+00
1.933623610907793111e+00
1.944659811657667214e+00
1.929038923448324283e+00
1.927336012935638498e+00
1.939513329654932061e+00
1.916177624934911838e+00
1.919297692376375153e+00
1.918276434940099806e+00
1.927729138267040288e+00
1.954257974660396524e+00
1.947539770632982226e+00
1.942051346677541757e+00
1.948823374003171960e+00
1.961234676170349189e+00
1.934927727508545026e+00
