6.896517602826468529e-01
6.896517602826468529e-01
6.896517602826468529e-01
6.896517602826468529e-01
6.896517602826468529e-01
6.896517602826468529e-01
6.896517602826468529e-01
6.896517602826468529e-01
6.896517602826468529e-01
6.896517602826468529e-01
6.896517602826468529e-01
6.896517602826468529e-01
6.896517602826468529e-01
6.896517602826468529e-01
6.896517602826468529e-01
6.896517602826468529e-01
6.896517602826468529e-01
6.896517602826468529e-01
6.896517602826468529e-01
6.896517602826468529e-01
6.896517602826468529e-01
6.896517602826468529e-01
6.896517602826468529e-01
6.896517602826468529e-01
6.896517602826468529e-01
6.896517602826468529e-01
6.896517602826468529e-01
6.896517602826468529e-01
6.896517602826468529e-01
6.896517602826468529e-01
6.896517602826468529e-01
6.896517602826468529e-01
6.896517602826468529e-01
6.896517602826468529e-01
6.896517602826468529e-01
6.896517602826468529e-01
6.896517602826468529e-01
6.896517602826468529e-01
6.896517602826468529e-01
6.896517602826468529e-01
6.896517602826468529e-01
6.896517602826468529e-01
6.896517602826468529e-01
6.896517602826468529e-01
6.896517602826468529e-01
6.896517602826468529e-01
6.896517602826468529e-01
6.896517602826468529e-01
6.896517602826468529e-01
6.896517602826468529e-01
6.896517602826468529e-01
6.896517602826468529e-01
6.896517602826468529e-01
6.896517602826468529e-01
6.896517602826468529e-01
6.896517602826468529e-01
6.896517602826468529e-01
6.896517602826468529e-01
6.896517602826468529e-01
6.896517602826468529e-01
6.896517602826468529e-01
6.896517602826468529e-01
6.896517602826468529e-01
6.896517602826468529e-01
6.896517602826468529e-01
6.896517602826468529e-01
6.896517602826468529e-01
6.896517602826468529e-01
6.896517602826468529e-01
6.896517602826468529e-01
6.896517602826468529e-01
6.896517602826468529e-01
6.896517602826468529e-01
6.896517602826468529e-01
6.896517602826468529e-01
6.896517602826468529e-01
6.896517602826468529e-01
6.896517602826468529e-01
6.896517602826468529e-01
6.896517602826468529e-01
6.896517602826468529e-01
6.896517602826468529e-01
6.896517602826468529e-01
6.896517602826468529e-01
6.896517602826468529e-01
6.896517602826468529e-01
6.896517602826468529e-01
6.896517602826468529e-01
6.896517602826468529e-01
6.896517602826468529e-01
6.896517602826468529e-01
6.896517602826468529e-01
6.896517602826468529e-01
6.896517602826468529e-01
6.896517602826468529e-01
6.896517602826468529e-01
6.896517602826468529e-01
6.896517602826468529e-01
6.896517602826468529e-01
6.896517602826468529e-01
6.896517602826468529e-01
6.896517602826468529e-01
6.896517602826468529e-01
6.896517602826468529e-01
6.896517602826468529e-01
9.189989779233932454e-01
1.409907774189114615e+00
1.921573217201232975e+00
2.403863617807626696e+00
3.107196882271766825e+00
3.556681959021091632e+00
4.371576819276810077e+00
5.197798498952388435e+00
6.036955498242377871e+00
6.771460469126701298e+00
7.596790123581886434e+00
7.955819635057449268e+00
8.315641354823112508e+00
9.049165621113777647e+00
9.643005470180511907e+00
1.021167231609821258e+01
1.025639584546089189e+01
1.075897136342525506e+01
1.078338796093463969e+01
1.091435441777706217e+01
1.085176739554405145e+01
1.080801941759586349e+01
1.082100356125831553e+01
1.073665019760131756e+01
1.065197731938362047e+01
1.030470210795402508e+01
9.868427569913864161e+00
9.526153105628489826e+00
9.840564665210246531e+00
1.031099918453693398e+01
9.955015727496146383e+00
1.066042297462225008e+01
1.098386016368865903e+01
1.037466788718700350e+01
1.010960229896307006e+01
1.004640646361112566e+01
9.253687489497661289e+00
9.015849828565119850e+00
8.925049422037600877e+00
9.023028085273503862e+00
8.835415353631972835e+00
8.811790771484375284e+00
8.582309063112735004e+00
8.573163294994831318e+00
8.569777385461330610e+00
8.540718429863453309e+00
8.368167218041419275e+00
8.303603791666031242e+00
8.155905358019470697e+00
8.097664848345518251e+00
8.020075851765275488e+00
7.951667304253578372e+00
7.987101553082466054e+00
7.885732512140274153e+00
7.806387070226668889e+00
7.828060281991958469e+00
7.783664595675468867e+00
7.732393639802932483e+00
7.666629008066654372e+00
7.766871552336215956e+00
7.775099107968807211e+00
7.728234834480285365e+00
7.725122367370128806e+00
7.744231910932064089e+00
7.869268485164642613e+00
7.866723455381393393e+00
7.814101565623283285e+00
7.882477257847785523e+00
7.919955657398700666e+00
7.928845458936691237e+00
8.068716670751571840e+00
8.078732468116283982e+00
8.350510502994060502e+00
8.509496594083309162e+00
9.007877140104771030e+00
9.542880994439125075e+00
1.020840689182281480e+01
1.037101151212453765e+01
1.097960700241327281e+01
1.153512254036665041e+01
1.187092331714630156e+01
1.209636184347867882e+01
1.265457005686760006e+01
1.326804101966619420e+01
1.401372369350194980e+01
1.428015950633287368e+01
1.448099630686044748e+01
1.472791229145526870e+01
1.531349264016151501e+01
1.574139230413436863e+01
1.576676603002548305e+01
1.590714903039932260e+01
1.631981115026474072e+01
1.636038925776481534e+01
1.657897885913848768e+01
1.660353333826065025e+01
1.691981467661857508e+01
1.701054022140503008e+01
1.701864925317764232e+01
1.724691006908416924e+01
1.730794472150802576e+01
1.729057847456931896e+01
1.729203221268653934e+01
1.731163451209068427e+01
1.730898550744056763e+01
1.752016769928932050e+01
1.750309233932495090e+01
1.783497873444557058e+01
1.795951745438575742e+01
1.811311057801246704e+01
1.826422360959053037e+01
1.867206542654037449e+01
1.902993810386657714e+01
1.873169114370346122e+01
1.824311509327888459e+01
1.792835806746482774e+01
1.778575179514885107e+01
1.773192495391368695e+01
1.801715883405208629e+01
1.825477199419736962e+01
1.865230760223865403e+01
1.912725284695625305e+01
1.940571573538780115e+01
1.957318537530899150e+01
1.968839337325096039e+01
1.986037862462997339e+01
2.005855760431289525e+01
1.971768055953979371e+01
1.981455635204315158e+01
1.979638207912445225e+01
2.007251162185669102e+01
1.956577653312682941e+01
1.984641420679092505e+01
1.979069852490425063e+01
1.982728855848312222e+01
1.946385209980011055e+01
1.965868984973430500e+01
1.946785843982696562e+01
1.948153637208938704e+01
1.930168633174896087e+01
1.872515180416107228e+01
1.872153261184692496e+01
1.855887100288867941e+01
1.862882388727664917e+01
1.902274680490493708e+01
1.911513546385765139e+01
1.898386139893531777e+01
1.896564336023330810e+01
1.851936079502105770e+01
1.847356289768218929e+01
1.809109738435745385e+01
1.792418713979721190e+01
1.782820071885585733e+01
1.701201228083372285e+01
1.703817232178449714e+01
1.689694758200645452e+01
1.702858413496017320e+01
1.694615526280104945e+01
1.713397058201432088e+01
1.734834297087192567e+01
1.722155522333979505e+01
1.712412598061561653e+01
1.740045032265186364e+01
1.763891834509372813e+01
1.768992876704335160e+01
1.795954954569935680e+01
1.836729042367935349e+01
1.792257982027530616e+01
1.805095462594032441e+01
1.809349998507499535e+01
1.819021792440414487e+01
1.835041888132095167e+01
1.855319748320579620e+01
1.882375795679092434e+01
1.903265445933341837e+01
1.911348490562438940e+01
1.911075654435157745e+01
1.919841012315750106e+01
1.898257901887893695e+01
1.860631961665153611e+01
1.833126453132629408e+01
1.812517911481857169e+01
1.836722818131446999e+01
1.820805401622354935e+01
1.828063382518291391e+01
1.827338421447277028e+01
1.805406643110215725e+01
1.840100879965424596e+01
1.887235601941346985e+01
1.895594832732379587e+01
1.922475424407720723e+01
1.929056254042387053e+01
1.962361441562175912e+01
1.959064568583965382e+01
1.953354068686664036e+01
1.952683014194965239e+01
1.949097355865836079e+01
1.963582990275621398e+01
1.945425551009178022e+01
1.937558204595148581e+01
1.953219803903698804e+01
1.969671697770357000e+01
1.970988590645492167e+01
1.989924651656150800e+01
2.047167168502807755e+01
2.008362653962373656e+01
2.031078120796680508e+01
2.042231232377290695e+01
2.039567331929206873e+01
2.030469803571700993e+01
2.024415721521377520e+01
2.043017344117164669e+01
2.045541397826671570e+01
2.039738844406604912e+01
2.023410926747322236e+01
2.053114028234481836e+01
2.037672802081704049e+01
1.943217837032079842e+01
1.952828515021801081e+01
1.961299849742650991e+01
1.937947938380837343e+01
1.933708703796863659e+01
1.956738065308332608e+01
1.997536811121702272e+01
2.002407410097718099e+01
1.985991195352077554e+01
2.039368345339298116e+01
2.078470897769332026e+01
2.086134170603752125e+01
2.108463863627612511e+01
2.111515764582157217e+01
2.104309099581539755e+01
2.059826261813640613e+01
2.059594113748073596e+01
2.068354890744686259e+01
2.057984464267492442e+01
2.080430740555823022e+01
2.071386226768493799e+01
2.080675452316701524e+01
2.092326332838535308e+01
2.100567819449901563e+01
2.110543162721991450e+01
2.088769509116709244e+01
2.060375161325931614e+01
2.062778381080627454e+01
2.067321219018697676e+01
2.059808185167312544e+01
2.045266573584079595e+01
2.050229288569092745e+01
2.039515203964114320e+01
2.012704877282381233e+01
1.969789525339603387e+01
1.944399961801767418e+01
1.905400741151571253e+01
1.848637254841327504e+01
1.851367475944161356e+01
1.814472223411798524e+01
1.815066406847238412e+01
1.792463418785333573e+01
1.779421101529598204e+01
1.806234700527190995e+01
1.839325615010261572e+01
1.868158011759519610e+01
1.888730766868591360e+01
1.901186476130485659e+01
1.916643613471984864e+01
1.919133767623901221e+01
1.909549696042537548e+01
1.917218526482582064e+01
1.897578044247627105e+01
1.903730330759286815e+01
1.899943503661155830e+01
1.906433946521282152e+01
1.915455616679191664e+01
1.902453346699476100e+01
1.893745263626575337e+01
1.875027065207958188e+01
1.849624366924762597e+01
1.835629771079420891e+01
1.850778564568758000e+01
1.856858643235564088e+01
1.843444330568313561e+01
1.854939959831237672e+01
1.871100691010952133e+01
1.875958827497959192e+01
1.908232961194515198e+01
1.899998802132606457e+01
1.892193398855924613e+01
1.895996432375311969e+01
1.912566029011011182e+01
1.966704993727803341e+01
1.966787007834911449e+01
1.979747460386753133e+01
2.003655942006110990e+01
2.013751096386909367e+01
2.017579585688710253e+01
2.034969406464099961e+01
2.045867311015129175e+01
1.996645962827205523e+01
1.996829028896689451e+01
1.996908466355800726e+01
1.994656537073254654e+01
1.992275266387462551e+01
1.985293483240604573e+01
1.993603164995312582e+01
1.982533674469590323e+01
1.921946177319288296e+01
1.879460201361179372e+01
1.862099184796810292e+01
1.849984220139384306e+01
1.823582541751861541e+01
1.807082518902420887e+01
1.786164825119972122e+01
1.737636376256942583e+01
1.752195206725001242e+01
1.735265648601055233e+01
1.752933516659736668e+01
1.744768727366924210e+01
1.747000208396911702e+01
1.744660995555519989e+01
1.751583966423273253e+01
1.797840268164276978e+01
1.909674460744857782e+01
1.950803850026130704e+01
1.974720414550304426e+01
2.007955366157293398e+01
2.015651835808753845e+01
2.012695508892536012e+01
2.015409122451543666e+01
2.046019982225298861e+01
2.062672693096995502e+01
2.041107341767549599e+01
2.052973707665800873e+01
2.058939179706573341e+01
2.075112561399936695e+01
2.034228475774526501e+01
1.984174416483640613e+01
1.958586215393543384e+01
2.005118400300741044e+01
1.975761627204418147e+01
1.966623477510214002e+01
1.966507145065069295e+01
1.976555320222377787e+01
1.994867028641700912e+01
1.989887049636840644e+01
2.000775983428955129e+01
2.020001136265993225e+01
2.036193252961635736e+01
2.022204841454028923e+01
2.029265367504358153e+01
2.034833242232799577e+01
2.068822823636531893e+01
2.023071072643995194e+01
2.024311745183467792e+01
2.012714912266731204e+01
2.054391690175533469e+01
2.090971694073677156e+01
2.106736373959779840e+01
2.096987710294723684e+01
2.129820566902160550e+01
2.124581174373626880e+01
2.122778401508331214e+01
2.106910075330734244e+01
2.098589624956846222e+01
2.108153077118396723e+01
2.092771011409759652e+01
2.098200187027454433e+01
2.091502277002334509e+01
2.082179288783073545e+01
2.071244399905204858e+01
2.067851209523677980e+01
2.061626050729751469e+01
2.055517233800888022e+01
2.042513447053432429e+01
2.026795159003734526e+01
2.028419873409271190e+01
2.018686143379211373e+01
2.017121437160968611e+01
2.013929298171997218e+01
2.027916009547710274e+01
2.022899832105636619e+01
2.016898972496986531e+01
1.986057385482788007e+01
1.974149126479625593e+01
1.974020612521171714e+01
1.978308121418952936e+01
2.001564973208904163e+01
1.975949416460990804e+01
1.935374517219066703e+01
1.930864215087890656e+01
1.972783042492866556e+01
1.945029718871116486e+01
1.915319023227691630e+01
1.887623826375007496e+01
1.904130711591243852e+01
1.869779953645467785e+01
1.829629229116439859e+01
1.794636689510345562e+01
1.775186021246910073e+01
1.780855294779539122e+01
1.778209707063436440e+01
1.772666131886243690e+01
1.769655066792964959e+01
1.756266312030553678e+01
1.755515224587917444e+01
1.759863032571077213e+01
1.758846125560998885e+01
1.766126902147531652e+01
1.756708119366168930e+01
1.762472752543687804e+01
1.774694241611957679e+01
1.725139087721109377e+01
1.741612275905609053e+01
1.736672687616348298e+01
1.729830930067300798e+01
1.678494752873182350e+01
1.663795414592027555e+01
1.679076940081119673e+01
1.670066324046850070e+01
1.650661581883430529e+01
1.667995067346096150e+01
1.684372798599004639e+01
1.684879697358608297e+01
1.686911511430740518e+01
1.691705740247964940e+01
1.696702568112611687e+01
1.701010184866190045e+01
1.708030338355302646e+01
1.717751244053840765e+01
1.732468990187645019e+01
1.724611372289657751e+01
1.748337256821394092e+01
1.847526444689035330e+01
1.840147406976223010e+01
1.837638502718210276e+01
1.815343330285549328e+01
1.824396659440994384e+01
1.840376045651435888e+01
1.819883045828342460e+01
1.815638419053554387e+01
1.821490491788387445e+01
1.791595029548406615e+01
1.780056223999261888e+01
1.794936256901025828e+01
1.832638428602218639e+01
1.824167273561954516e+01
1.840087168726920908e+01
1.857171795778274515e+01
1.877349736361503574e+01
1.882722067304849745e+01
1.906127954025268423e+01
1.948376511549949797e+01
1.938181686043739305e+01
1.914654485468864564e+01
1.865403029383421085e+01
1.853036207020282689e+01
1.849165979981422581e+01
1.859295591235160927e+01
1.883248281655311729e+01
1.904637607012987033e+01
1.920568857593536549e+01
1.927592483265399892e+01
1.943451198120117240e+01
1.931287380455732361e+01
1.962149562652111001e+01
1.950381685342788529e+01
1.950802054094076254e+01
1.940339932056665262e+01
1.957553673460483523e+01
1.954541119902133772e+01
1.959824000724553983e+01
1.949170208494663115e+01
1.954484746074676593e+01
1.952064884719848692e+01
1.945984964289665342e+01
1.957994761636257053e+01
1.957065990078449147e+01
1.957251853040456879e+01
1.964355068778991864e+01
1.961386111106872576e+01
1.950859358191490145e+01
1.942517192364931233e+01
1.935245715807676348e+01
1.930251437711715568e+01
1.923117125849723763e+01
1.918991986348628842e+01
1.919095084347724978e+01
1.913725779328346377e+01
1.911734567676782603e+01
1.919099526720047066e+01
1.912160949592590242e+01
1.900750617721080715e+01
1.887446261887550492e+01
1.887470876673459941e+01
1.883330201895237010e+01
1.888998839982748024e+01
1.912182362577915029e+01
1.884734484899044205e+01
1.894537747422456775e+01
1.916974903029203503e+01
1.908021932060718484e+01
1.907451706771850652e+01
1.907470685843229319e+01
1.889236625101566247e+01
1.856255529695749118e+01
1.847157272667884698e+01
1.848669968178272072e+01
1.865984094359874845e+01
1.879362431401014177e+01
1.887696028017401773e+01
1.899056970615387030e+01
1.906390340811014283e+01
1.912102925003171094e+01
1.917751764372587076e+01
1.922765690354108870e+01
1.926114506813287619e+01
1.953163201814889760e+01
1.956750579500198484e+01
1.971208539175987084e+01
1.984146538476943888e+01
1.985760660161972169e+01
1.986259831409454435e+01
1.992693634996414076e+01
1.969720368580818004e+01
1.974693328509330925e+01
1.981770277030468108e+01
1.966926621035337419e+01
1.973926407521963000e+01
1.985546149404049032e+01
1.989064247156381526e+01
1.977078100154399820e+01
1.979366551223993298e+01
2.000918304169178086e+01
1.981144329870939202e+01
1.919706387217044963e+01
1.889075156656503651e+01
1.861574741754531814e+01
1.894950089684724759e+01
1.895562386825084644e+01
1.907040686162710230e+01
1.912412105939388240e+01
1.896121959881782360e+01
1.891064166605472607e+01
1.884365801606178437e+01
1.855487246785163791e+01
1.848653211073875369e+01
1.849022907786369174e+01
1.847828060944080519e+01
1.825513524441718971e+01
1.808528532090187113e+01
1.802441201168298690e+01
1.776595065969228671e+01
1.776186050670742844e+01
1.773480800541639368e+01
1.776865791796445748e+01
1.779907723201513292e+01
1.779946594375372015e+01
1.782985982058048080e+01
1.785172455105781708e+01
1.786547489678859790e+01
1.781107541449069842e+01
1.780662833530902844e+01
1.776207450473308569e+01
1.780639473127126848e+01
1.777523811402321030e+01
1.779845517641306074e+01
1.781328102777004219e+01
1.779584178366661007e+01
1.770920358111262161e+01
1.759985129276514115e+01
1.757579564316868925e+01
1.755869193140864226e+01
1.756351869558096013e+01
1.752375148453712583e+01
1.813061701580882001e+01
1.815095645141601466e+01
1.816284684704542229e+01
1.820249963486194744e+01
1.814117264122963036e+01
1.831418276935815825e+01
1.817452394651174430e+01
1.822792440077066445e+01
1.750079463112354361e+01
1.755779957693815163e+01
1.722564384441375651e+01
1.741762075227498840e+01
1.754200565916299936e+01
1.729915804326534357e+01
1.702516319227218489e+01
1.717199244801998148e+01
1.732642173397541185e+01
1.733387417421340970e+01
1.733300154342651211e+01
1.721007513087987917e+01
1.727286677623987288e+01
1.749146813758611785e+01
1.761895384804010334e+01
1.779406905041336984e+01
1.808022112656831837e+01
1.841285541166067219e+01
1.884415530917644332e+01
1.886021840503215685e+01
1.900925003548860559e+01
1.863631935193538780e+01
1.864538417127132419e+01
1.856618287653923005e+01
1.856909156225919588e+01
1.860092714301347883e+01
1.868939313106536915e+01
1.853880010962486224e+01
1.839877345938682396e+01
1.822843969457149527e+01
1.838621756572723243e+01
1.830805224226713079e+01
1.833050625512600007e+01
1.836041729226112196e+01
1.848071612699031974e+01
1.837990999522209279e+01
1.831038937642574282e+01
1.837636982595920543e+01
1.845142124004363993e+01
1.838888497928380872e+01
1.846249234774112580e+01
1.836825884447097934e+01
1.868473418111801010e+01
1.871350092709064583e+01
1.866177687659263640e+01
1.877525022727251169e+01
1.883487238879203929e+01
1.892178167856931736e+01
1.872662961233854162e+01
1.875018485980033844e+01
1.836410987988710275e+01
1.834330604524612340e+01
1.831440080244541235e+01
1.830535074357986502e+01
1.841629100170135658e+01
1.845974134166240788e+01
1.857306933083534162e+01
1.858353510274887199e+01
1.847727674460411151e+01
1.843632406766414533e+01
1.809458462060689854e+01
1.816258180477619177e+01
1.821517234183549760e+01
1.837960939458608678e+01
1.864952553226947884e+01
1.849927549299001583e+01
1.843057434320449772e+01
1.837215020308494573e+01
1.844768397903442292e+01
1.849410213319063345e+01
1.847820835685730145e+01
1.850688440474271701e+01
1.849266159938573750e+01
1.844601158169507826e+01
1.843637251312732772e+01
1.841788219528198312e+01
1.828199708347320396e+01
1.838366255419254358e+01
1.837903787285089408e+01
1.849762549495697073e+01
1.849959820334911242e+01
1.858391718733310682e+01
1.846826348248720251e+01
1.852250666480064467e+01
1.840888489913940518e+01
1.846503925569057358e+01
1.851665128942727989e+01
1.886370815269946988e+01
1.899417778177261340e+01
1.884910860137939537e+01
1.885750904846191389e+01
1.870935935869216848e+01
1.835648438043594410e+01
1.849938535131216000e+01
1.894156327930688732e+01
1.919417804296016783e+01
1.903213383063078012e+01
1.909333832389116381e+01
1.905571084790229719e+01
1.911812111383676438e+01
1.903306985665559736e+01
1.909230249406099489e+01
1.921911840270757565e+01
1.921129603534937047e+01
1.928584886798858733e+01
1.925705278354883276e+01
1.901931589121818433e+01
1.907815110043287277e+01
1.920386601728201015e+01
1.905684880194663933e+01
1.897943166630268053e+01
1.892441131103634788e+01
1.906825713509321218e+01
1.941036049993038048e+01
1.928380851912498528e+01
1.961849182544946757e+01
1.991861542204618374e+01
1.944948676831722167e+01
1.968984172440767111e+01
1.972520522682666666e+01
1.962360203061103903e+01
1.952947193899154499e+01
1.918385255053639327e+01
1.921497275937795735e+01
1.907998387315273447e+01
1.901134555032253104e+01
1.868507246023416357e+01
1.869247604569196852e+01
1.879444744377136089e+01
1.884230442997217025e+01
1.859833892345428552e+01
1.855804887452125485e+01
1.843828266472816324e+01
1.857538773179054203e+01
1.840273456958532350e+01
1.840705726239681184e+01
1.849801713044643492e+01
1.870392163301706390e+01
1.852356638447046322e+01
1.846757262667417621e+01
1.874545399025678805e+01
1.903084815382957373e+01
1.894522021408080903e+01
1.867093419148325850e+01
1.893684240875244029e+01
1.929063658647537238e+01
1.954737408121228270e+01
1.964791503793597371e+01
1.939318117695450638e+01
1.945958571640252899e+01
1.956687208274006906e+01
1.948053229863643665e+01
1.943768930448293730e+01
1.963489185543656390e+01
1.966394676829576582e+01
1.942713986394405268e+01
1.921774863745570272e+01
1.902455153809785671e+01
1.933026564697623328e+01
1.922139203513860650e+01
1.932057032197714008e+01
1.935898474780321266e+01
1.891472908707261169e+01
1.862160274997949472e+01
1.856924222759008458e+01
1.870828431509733036e+01
1.867656805184483559e+01
1.913683726413249886e+01
1.914944584342241285e+01
1.916710497951507719e+01
1.903294883459806286e+01
1.892194149088859589e+01
1.905594655615091426e+01
1.903897553218603278e+01
1.921077996854782199e+01
1.925583874210119362e+01
1.912938876602649785e+01
1.900109827002286877e+01
1.892194677453041152e+01
1.905966739341020499e+01
1.869349966464042723e+01
1.883934842646122121e+01
1.854715826523304045e+01
1.863358320851326155e+01
1.839491229305267339e+01
1.823668009816408286e+01
1.828615899225473385e+01
1.819779811285734183e+01
1.852747272495031439e+01
1.838265309638977030e+01
1.854551163303852235e+01
1.844222236483097177e+01
1.859674916988611315e+01
1.872808306612968465e+01
1.878596931217908761e+01
1.874540989893674947e+01
1.884564454891681606e+01
1.890345593906641142e+01
1.893832889674902020e+01
1.898769766783714275e+01
1.882081233943700838e+01
1.898869801561832560e+01
1.938649156069755719e+01
1.932259649250507394e+01
1.932652348575592072e+01
1.881196776344776112e+01
1.922468266463279818e+01
1.928211095066070513e+01
1.933936368005275597e+01
1.937738304574489590e+01
1.951588775672912490e+01
1.947656772433519379e+01
1.951784632731676083e+01
1.934129001563787398e+01
1.948221620868444504e+01
1.956506793380975751e+01
1.949699975577592781e+01
1.944570605030059696e+01
1.951291311340332157e+01
1.950481279908418486e+01
1.954615527460575208e+01
1.956010384203195684e+01
1.949908741580247806e+01
1.959685563701391331e+01
1.971422498896122022e+01
1.974147325514555007e+01
1.970800857574939613e+01
1.961674693156480842e+01
1.957171530718803254e+01
1.945099120011329674e+01
1.946050508221387787e+01
1.958578755886554745e+01
1.961425018151998501e+01
1.956335075849294824e+01
1.949493920162916183e+01
1.951527014312744157e+01
1.944999899787902820e+01
1.945375060385465460e+01
1.946203976435661431e+01
1.928034018349647383e+01
1.909298152456283404e+01
1.894579732849597775e+01
1.900104972184896468e+01
1.902420475867986838e+01
1.922904445377588445e+01
1.935250403113365181e+01
1.925363995382785731e+01
1.919920543320179007e+01
1.910513558387756206e+01
1.931325857510566735e+01
1.890908351330757142e+01
1.903049863351583326e+01
1.895326085613966072e+01
1.841895852257013289e+01
1.845606009511947576e+01
1.798261760866641978e+01
1.795280082020759593e+01
1.810475235601663613e+01
1.811398603878021163e+01
1.813712518692016573e+01
1.805346606650352470e+01
1.821080556576252008e+01
1.847469737038612436e+01
1.853690349581241748e+01
1.837850156903266807e+01
1.866774029238224131e+01
1.893069354960918460e+01
1.880069427028894324e+01
1.901972268989086245e+01
1.914293023235797975e+01
1.936487673250436714e+01
1.969709104611873585e+01
2.016738228397369426e+01
2.004045804371833839e+01
1.984483981747627368e+01
1.985491225700378592e+01
1.986661692485809283e+01
1.983416350116729632e+01
1.971298422231674152e+01
1.961664969382286117e+01
1.960311204905509896e+01
1.962333937430381781e+01
1.944235017986297720e+01
1.944192206616401819e+01
1.909526075115203980e+01
1.878581350085735480e+01
1.839997601327896248e+01
1.852946673562526669e+01
1.841987357809543724e+01
1.850199097323417519e+01
1.820782869305610774e+01
1.801236811466216992e+01
1.782247684345245275e+01
1.763140907387733591e+01
1.769631434919834234e+01
1.788214212491512356e+01
1.822073892407417262e+01
1.826050512049198105e+01
1.820011807162761741e+01
1.812292753431797010e+01
1.829721317622661658e+01
1.831170749561786693e+01
1.839144611077308511e+01
1.860075699422359463e+01
1.848317709109783280e+01
1.876352925558090234e+01
1.887497867980003363e+01
1.888898710989952079e+01
1.900843662329912220e+01
1.881620121164321802e+01
1.887030998709201768e+01
1.860963824025392555e+01
1.824507899018525947e+01
