-4.539888401651987621e-02
-4.539888401651987621e-02
-4.539888401651987621e-02
-4.539888401651987621e-02
-4.539888401651987621e-02
-4.539888401651987621e-02
-4.539888401651987621e-02
-4.539888401651987621e-02
-4.539888401651987621e-02
-4.539888401651987621e-02
-4.539888401651987621e-02
-4.539888401651987621e-02
-4.539888401651987621e-02
-4.539888401651987621e-02
-4.539888401651987621e-02
-4.539888401651987621e-02
-4.539888401651987621e-02
-4.539888401651987621e-02
-4.539888401651987621e-02
-4.539888401651987621e-02
-4.539888401651987621e-02
-4.539888401651987621e-02
-4.539888401651987621e-02
-4.539888401651987621e-02
-4.539888401651987621e-02
-4.539888401651987621e-02
-4.539888401651987621e-02
-4.539888401651987621e-02
-4.539888401651987621e-02
-4.539888401651987621e-02
-4.539888401651987621e-02
-4.539888401651987621e-02
-4.539888401651987621e-02
-4.539888401651987621e-02
-4.539888401651987621e-02
-4.539888401651987621e-02
-4.539888401651987621e-02
-4.539888401651987621e-02
-4.539888401651987621e-02
-4.539888401651987621e-02
-4.539888401651987621e-02
-4.539888401651987621e-02
-4.539888401651987621e-02
-4.539888401651987621e-02
-4.539888401651987621e-02
-4.539888401651987621e-02
-4.539888401651987621e-02
-4.539888401651987621e-02
-4.539888401651987621e-02
-4.539888401651987621e-02
-4.539888401651987621e-02
-4.539888401651987621e-02
-4.539888401651987621e-02
-4.539888401651987621e-02
-4.539888401651987621e-02
-4.539888401651987621e-02
-4.539888401651987621e-02
-4.539888401651987621e-02
-4.539888401651987621e-02
-4.539888401651987621e-02
-4.539888401651987621e-02
-4.539888401651987621e-02
-4.539888401651987621e-02
-4.539888401651987621e-02
-4.539888401651987621e-02
-4.539888401651987621e-02
-4.539888401651987621e-02
-4.539888401651987621e-02
-4.539888401651987621e-02
-4.539888401651987621e-02
-4.539888401651987621e-02
-4.539888401651987621e-02
-4.539888401651987621e-02
-4.539888401651987621e-02
-4.539888401651987621e-02
-4.539888401651987621e-02
-4.539888401651987621e-02
-4.539888401651987621e-02
-4.539888401651987621e-02
-4.539888401651987621e-02
-4.539888401651987621e-02
-4.539888401651987621e-02
-4.539888401651987621e-02
-4.539888401651987621e-02
-4.539888401651987621e-02
-4.539888401651987621e-02
-4.539888401651987621e-02
-4.539888401651987621e-02
-4.539888401651987621e-02
-4.539888401651987621e-02
-4.539888401651987621e-02
-4.539888401651987621e-02
-4.539888401651987621e-02
-4.539888401651987621e-02
-4.539888401651987621e-02
-4.539888401651987621e-02
-4.539888401651987621e-02
-4.539888401651987621e-02
-4.539888401651987621e-02
-4.539888401651987621e-02
-4.539888401651987621e-02
-4.539888401651987621e-02
-4.539888401651987621e-02
-4.539888401651987621e-02
-4.539888401651987621e-02
-4.539888401651987621e-02
-1.979823706587776483e-02
1.982160686992108789e-01
4.496184766277671052e-01
6.223146958859637756e-01
8.068263831149786736e-01
1.002211500293016533e+00
1.280521769493818240e+00
1.509356500476598750e+00
1.776819213795661989e+00
2.032306824588775651e+00
2.266402554434538086e+00
2.421635172033310024e+00
2.790909395146369931e+00
2.983366922104358832e+00
3.086055284798145504e+00
3.216308909428119645e+00
3.502487997591495539e+00
3.828335659480095021e+00
4.117997476434707593e+00
4.623265126347542164e+00
5.138485163688659263e+00
5.444025001049041634e+00
5.694609959650039244e+00
6.195741072416305784e+00
6.563626391839981089e+00
7.029889034128188996e+00
7.615646385669708529e+00
7.726353611803054910e+00
7.869226539683341848e+00
8.215962148010730104e+00
8.581264320039748483e+00
8.714444900155067231e+00
8.824979270243645146e+00
8.846212399506569568e+00
8.892171779751777194e+00
8.916842713260651365e+00
8.943422191214560613e+00
9.177018406128883754e+00
8.987603738069534387e+00
9.154921993088722232e+00
9.043825164222717206e+00
9.183942415094374923e+00
9.077670098710060032e+00
9.086395447349548959e+00
9.027891673707962639e+00
9.012810846138000542e+00
9.029812776565551147e+00
9.080560388755797518e+00
9.120993832099438592e+00
9.268552460253237868e+00
9.254028406167030596e+00
9.424466022920608310e+00
9.377380372565983890e+00
9.496395046043396349e+00
9.595868993031977823e+00
9.309635466718674479e+00
9.324894241768122427e+00
9.258581126233934810e+00
9.213988605067134685e+00
9.279118336319923444e+00
9.225297396111487913e+00
9.360621495282650528e+00
9.356823219943047221e+00
9.264642262172699816e+00
9.222315506887435177e+00
9.019309530639647576e+00
9.095528684294222899e+00
8.931135591709614019e+00
9.012751429367066081e+00
9.022510411024093457e+00
9.078458321547508092e+00
9.106805803203583238e+00
9.127639819407463051e+00
9.189326021146774437e+00
9.432430129241943462e+00
8.888584893345832683e+00
8.998877423691750366e+00
8.825167368340492757e+00
8.934449586224555873e+00
8.933890563964844489e+00
8.821319552826881960e+00
9.167491494941710783e+00
9.554129094219208085e+00
9.757306238794326347e+00
1.028690246412754128e+01
1.017667151885032695e+01
1.053131156282424996e+01
1.099983196470737390e+01
1.186057948498725878e+01
1.181445451595783247e+01
1.247223500008583130e+01
1.215111284904480016e+01
1.313615494630336755e+01
1.285321555256843595e+01
1.375899688210487426e+01
1.350459384911060390e+01
1.440920934236049611e+01
1.418037529118061002e+01
1.465331360940933259e+01
1.518447356200218223e+01
1.561965080492496405e+01
1.572923420867920008e+01
1.536187266762256698e+01
1.690204506664275996e+01
1.743311764683723553e+01
1.738323922586441128e+01
1.808093474416732960e+01
1.790589449651241338e+01
1.827374924261570044e+01
1.865029773666858759e+01
1.928589826617240988e+01
1.935675831875801123e+01
2.019208418486118362e+01
1.951095449860095954e+01
2.000559439997672939e+01
2.040631255327463123e+01
2.102325457308292300e+01
2.118755544769764043e+01
2.174966573902368694e+01
2.192581199505329081e+01
2.263745451878309112e+01
2.244215017956495117e+01
2.271562176957130319e+01
2.300564625678062569e+01
2.290610084735155283e+01
2.307288167146444380e+01
2.351859461286067798e+01
2.339577865216731922e+01
2.427525422049760806e+01
2.429083694914579539e+01
2.500545170893668967e+01
2.495096953592300437e+01
2.583952109820842580e+01
2.528105780035853556e+01
2.579623459948897235e+01
2.497916958746910154e+01
2.562903879851401001e+01
2.555106168942749534e+01
2.593148762454986667e+01
2.586896623615622559e+01
2.607910043411850864e+01
2.654815430585741964e+01
2.721265467846095731e+01
2.726658962686657972e+01
2.760731269256472586e+01
2.786345754143893672e+01
2.878058594348132715e+01
2.863229628419280104e+01
2.947924091780185663e+01
2.871592537890076713e+01
2.954847375246882279e+01
2.896891098436415035e+01
2.888402486877441433e+01
2.986453758767843070e+01
3.003816272872686355e+01
3.022355447935164108e+01
3.031270968397557652e+01
3.090530590499639629e+01
3.135524597029685978e+01
3.129510230987370178e+01
3.150548988002836737e+01
3.111085761508345726e+01
3.160242893953621390e+01
3.136565214470624952e+01
3.229965887241065303e+01
3.231433719743490229e+01
3.345109529255628900e+01
3.331550570103824072e+01
3.365038073782920947e+01
3.325292596268057821e+01
3.403309869248271013e+01
3.319120352009236541e+01
3.401613740819692566e+01
3.388726750514805275e+01
3.465835957446098092e+01
3.459833754982948051e+01
3.510893493754863925e+01
3.497610351669788287e+01
3.574630405685901735e+01
3.579409650551080802e+01
3.624332771707773304e+01
3.634932974840402409e+01
3.679941356329917568e+01
3.690034948967695527e+01
3.780598294477462673e+01
3.753607351454496666e+01
3.819566232687235185e+01
3.813831142635643801e+01
3.768656189239025167e+01
3.831067095279693291e+01
3.893276361616850068e+01
3.922039611265659431e+01
3.948904655187129720e+01
3.971685279403030933e+01
4.010996316242218285e+01
4.010197776536941205e+01
4.057637489655017760e+01
3.988749123072922487e+01
4.042062951529025838e+01
4.028092118457556126e+01
4.086498490858078014e+01
3.966374763491153743e+01
4.010745680277347702e+01
4.036518926997185019e+01
4.104004743714332903e+01
4.059369021246433107e+01
4.042826853232979545e+01
4.086801083285212854e+01
4.112235881426930462e+01
4.092532045658230544e+01
4.085251662962436825e+01
4.057990063282847615e+01
4.095368375542163619e+01
4.108929138249158797e+01
4.130274016696214545e+01
4.073626587556898926e+01
4.105217994897365230e+01
4.042554842937290971e+01
3.998458305387497091e+01
4.053703120250701630e+01
4.080142067563533459e+01
4.115658418757021764e+01
4.158551943485736757e+01
4.149027133337855133e+01
4.153364442076087215e+01
4.138508715489804501e+01
4.155768879137337279e+01
4.202773053812980919e+01
4.162882277649641338e+01
4.220051505678593884e+01
4.265449080208838240e+01
4.258377305029928550e+01
4.225823664566874527e+01
4.318573612474799006e+01
4.300818337350190035e+01
4.340688159149289049e+01
4.401651830670237331e+01
4.413876128060221760e+01
4.463235314758122030e+01
4.484211183039843718e+01
4.495241761119365975e+01
4.528873295922279141e+01
4.549547483046949026e+01
4.598457166938185736e+01
4.660010675110221001e+01
4.637610818392634116e+01
4.723322293216288159e+01
4.754384775711297806e+01
4.822337277388572829e+01
4.836661721140146142e+01
4.894748454468250287e+01
4.896196948470175414e+01
4.951920329350531347e+01
4.995655390279293329e+01
5.090313261450231153e+01
5.085728868965208704e+01
5.133191615242957795e+01
5.154732584943175056e+01
5.225078747314214667e+01
5.209479330080151271e+01
5.260463743273020043e+01
5.243498243942558901e+01
5.278271305162906657e+01
5.314331746954918145e+01
5.368226049876213324e+01
5.394495236363410839e+01
5.445527323789596608e+01
5.436900400271415634e+01
5.474981132035255627e+01
5.499291926736831471e+01
5.551021252479553425e+01
5.584821819515228469e+01
5.566009294013976927e+01
5.623703948907851924e+01
5.680476675233840922e+01
5.654816650524139732e+01
5.711172780733108567e+01
5.642674191112518400e+01
5.723761364746093960e+01
5.697393938875198671e+01
5.789993875970840520e+01
5.707046594524383210e+01
5.754792179059982260e+01
5.760587197399139114e+01
5.807114600744247213e+01
5.849435963668823035e+01
5.867154495506286338e+01
5.915675768117904454e+01
5.928733688755035303e+01
5.883691339073180870e+01
5.963044274463653238e+01
5.929255276498794558e+01
6.016814107398986522e+01
5.974474929924011235e+01
5.955834274244308801e+01
6.002107164964675690e+01
6.019434839601516529e+01
6.009606031818390193e+01
6.085437377061843733e+01
5.997499017190933301e+01
6.102973761730194013e+01
6.078779046201705683e+01
6.118883333606719788e+01
6.153293155851363849e+01
6.176039986782073754e+01
6.235209823145866181e+01
6.245778023757934250e+01
6.234783928833007849e+01
6.285625329465866429e+01
6.200593985748290748e+01
6.183924715118408244e+01
6.222329161200523373e+01
6.282675467071533149e+01
6.231288710975646694e+01
6.272048701477050514e+01
6.271105930614471191e+01
6.321165535745620900e+01
6.351634545602798454e+01
6.409093306732177098e+01
6.412560798959732722e+01
6.396356889772415144e+01
6.431011698818207378e+01
6.385666173982620109e+01
6.460880432291030218e+01
6.509550123987197878e+01
6.482277093544006163e+01
6.495257756557464290e+01
6.519403889417648656e+01
6.530116598548889328e+01
6.497815715103149614e+01
6.551502806825638459e+01
6.531030859441757741e+01
6.554726734991074011e+01
6.589889671726227505e+01
6.609271948585509904e+01
6.606574962034225962e+01
6.637252242755890563e+01
6.616836760511398552e+01
6.627791114187240851e+01
6.650515384883880188e+01
6.688731443166733470e+01
6.687279464836120724e+01
6.736015195960997914e+01
6.734173277521134082e+01
6.784109902324676966e+01
6.768049054641723217e+01
6.813909767770766734e+01
6.857583566436767342e+01
6.878563749446868769e+01
6.848683648452758632e+01
6.918592179660797115e+01
6.896195005893707730e+01
6.940097924575805166e+01
6.917222921333312513e+01
6.943492294530868492e+01
6.952996429872513318e+01
6.977939595546722273e+01
6.960020438747406502e+01
7.015118350372314637e+01
6.995798245792389025e+01
7.042752701358794809e+01
7.033807150936127073e+01
7.061099511833191400e+01
7.085956191654204872e+01
7.075456386356353278e+01
7.072016255798340012e+01
7.065671372890471957e+01
7.020218116245270323e+01
7.001414280395508172e+01
7.011090681343078757e+01
7.044254824523925151e+01
6.996898615608215266e+01
7.055539742774963941e+01
7.069322954769134526e+01
7.158170787677764224e+01
7.131670078582763495e+01
7.071461586856841564e+01
7.181315822582244834e+01
7.167555860652923627e+01
7.205468515148163533e+01
7.250645767803192143e+01
7.211517361335754117e+01
7.230674099063872973e+01
7.263535182418823410e+01
7.279712373676299819e+01
7.297252766628265874e+01
7.318444910259246683e+01
7.367037364120483289e+01
7.443806242179870480e+01
7.417653877716064414e+01
7.435372486581802320e+01
7.443972484436035586e+01
7.449605017557144038e+01
7.490705040206908905e+01
7.509519604473113930e+01
7.553013036556244231e+01
7.613816485576629134e+01
7.608007664852142682e+01
7.640225576782226824e+01
7.640468237876892488e+01
7.666173957386017435e+01
7.683369742527007418e+01
7.707389854564667075e+01
7.681497273063659748e+01
7.696960965538025334e+01
7.683670514802932416e+01
7.725056504974365623e+01
7.695732096519469678e+01
7.739833521442413655e+01
7.707908888645171430e+01
7.706184755115509688e+01
7.755201419448852107e+01
7.802741359691620460e+01
7.805974797534942411e+01
7.824152112407684001e+01
7.838861394901275048e+01
7.808366606502532647e+01
7.869498355121612576e+01
7.857056246891021090e+01
7.862269892177582165e+01
7.932221523761749893e+01
7.920424960727692110e+01
8.046651681060791361e+01
7.959598505115509681e+01
